17931469374,4b15afb8-3c3f-4918-8770-45f5b7323bbd
14266744113,78a9b8fc-db35-4edc-9c3a-e3dda867399d
16605031488,32e8323b-68fa-4de5-b9fa-3d14546446d9
17996719697,18c5d08f-d0ba-4633-8515-4b6791417fe1
11280556725,d7798e12-3469-42e8-9f5b-e3bce5a2e03f
17750663949,5e63c9cf-aea1-4ee7-9c45-d1532b3d57de
12870687817,2e4e2fed-5ece-4c1e-881a-62718df61dbf
18869020268,5bb0bcf5-6049-422f-b2fd-8084b1353f7f
17271323587,46d485ab-029b-4fff-b9b7-78c87e6cf590
16336543153,a5396394-978e-424d-b6f2-fac19731101f
15867622596,832151a8-cb97-4085-a3e1-ad73604a25bb
14898884211,5eb147fb-9d90-40b5-a7c9-b4f3e95c453f
13243018418,da6f9a5d-3f63-40d8-9a82-c9561119e77f
15334925636,d8727821-8b44-48c4-9bda-15dd33b52bb5
12205335626,9e5ee0c8-f282-4ada-b32d-e3c206bdc4ba
13816123395,d2a89cc8-7109-4e49-9f9c-ca38295e3414
16689184904,5b4c27d9-65fa-4cb7-a8f5-d431f721c3af
15944723369,7402146d-540e-44e1-915a-a8bde815a6f1
15281815339,ecd08a4e-f430-4986-bf15-8385139b0661
15863327969,7c59a485-86bb-465d-8e47-1bedbe8c2f64
17485011681,a0e25912-acbe-4c55-bda2-9150cbae203e
19990290138,48ddef96-7a4d-4416-a15d-4c08702776f9
14115702893,ddd1fe80-ce54-4a1c-b416-00421e1fc26a
13565277226,8772c523-443d-4eea-b506-2ee385ddc612
16240045360,56e7da60-ba69-4e40-874a-bbf7b69ee0c3
18666640398,5f975abb-f66e-43a5-a425-28ad7877fb17
11161768083,36cd6bf5-01bc-4e5c-b629-32d078dc580b
13629091293,97ec4ecd-1054-49a2-8bb5-d92829709277
16662985497,2c429f76-b2bf-4e7e-8a8a-18b2d3f7a2a7
19156183805,c21478ce-6cc0-4061-8090-60e9827125a6
18566953422,7ff42638-36b3-4a53-babb-36fd1d4d28b1
14012982356,fa5589f1-1c43-48b9-917e-8c96f442747e
17475758929,ca56ded4-d691-4f68-92db-926d6b6db894
12694685899,c9f0e74c-821b-42f2-b95b-30d0f9b919f0
12384238465,cebbc861-9053-4dab-9399-355150929cb9
13674550098,9353acb5-0cc9-4eb6-b65f-06bed8530ef1
18845532220,a45de572-ce88-4911-a179-488fedb96ea9
11755089863,f9388797-b07e-40b7-8b36-57a19fe077d8
18175822217,6462ea2b-4ae7-4575-bea9-a6d5f450541b
15132083562,68831c95-4b75-423b-aa0f-42f9a99bb027
17464417016,cd14d024-2fe7-48b4-b2c5-f4871c0ec3f9
18272854756,4793820e-1eb2-418b-a9f8-07f816f93ee9
16913475276,29c6b7f4-c0e2-4736-908f-a18e10ba08cd
16904369040,8be6e5d8-3a9a-4c51-86fe-cf9a743844bb
16917997677,8ce1cf9c-1bc3-4191-b366-945aed7b85f7
17988043042,05684a11-9ac4-4439-9205-4119596f55d8
15312289442,8d0cb253-47e7-4209-8088-34752f1fe071
12541096295,d083f59f-d380-408c-b7a2-6e19ffae8139
15283094304,18ca7932-c69b-428a-9f25-fbbdb1cb2ecf
15690689275,4967a70b-0aa3-4fc7-8e8c-224dfc394361
19645357539,0f824824-3acf-4776-892f-681efe6b35cd
13558958628,15b32b21-f299-4a63-87f9-558e478d968e
18399869684,617e4f48-2b28-4304-b14c-cefc1070dc10
14519272684,2fec7dac-cad5-4f56-bbb2-2e8febe26251
12665164714,a3385fcb-1a72-49ef-b56a-27e0a29cd183
14323077257,59f4146b-b3f9-40f8-b65d-9e1735343bc1
19470304656,d9155af9-1068-4844-9bf9-1af913416e39
19019674831,07162ba7-70cf-4a9e-971d-fbee8af645fc
12481207394,acb16128-e319-4601-a02d-0c98c45fc966
12963015574,b351a9c0-ae4f-42e3-a50a-9616b5926ebc
11137056625,1d1f5f26-1a11-4755-ba6f-8c7c828d25a8
15708191605,6f85a26d-9dcc-41ac-8bd0-96e2d87c2726
14136903420,f97668a2-c5fa-458d-a0cb-09d2bedfa0d4
16444719607,62eda2fe-cbb1-43de-b572-bfbedd5e6711
16649877744,ec7a6d05-6298-4cfd-a8c3-44a905d597b4
13365234515,36d8f1bb-9681-4fa5-ac1d-733fec38f053
18116374730,036eb59b-f415-4431-a6a0-8f2e870fb72d
11568024082,c11918b7-9bb8-4a81-b593-2287a6badec3
14984153728,6bf24a3a-a923-4480-a766-9cedf6202d23
11768011992,d6dd38ba-5a5a-4641-95ea-6074719d9b99
11488476752,13030293-7613-4c13-9137-60c919ee023d
16618299954,618957f3-bcc3-4ff1-b513-3f46dbba7bfd
19510526050,8dc4fa18-64cd-4902-8fab-fad548fbfff2
14743069314,ac843a3d-6724-4cee-815e-fb959e1af7df
16932849482,9a984728-3f77-4c49-a1c9-0b781479d449
12017136539,7cb6a02f-d65d-45f1-bbce-6211dca7e0dd
11979213635,c9395d35-4e41-490b-b772-259a7a7ae81d
11901580338,c82bd169-8471-4a0d-9c3e-0dbab0fea7f8
13456823936,171d4393-509f-4a9f-91a7-16fee3128eb4
19412916239,30ab376f-03d5-4774-8b68-379d04900940
13889518150,1bb5b205-0ad9-4f6f-92f8-4229212f1ed1
12270337769,1e526a54-7ebc-43b7-a797-8bd222aaee36
16309329693,14166175-8489-493b-aaa0-c961fe6fca4f
19439837669,d87082ce-e8b3-4771-b031-b2895db9fd5d
11510037363,4ed19fc1-ee9e-4a91-b31c-7665c2b16a4d
15246280495,f5833560-42a9-41f1-b38c-8a48c2b8d017
19962940036,84954e3a-7af0-4c80-90cc-a185f127e88a
16761479162,5644e975-29c6-4f5f-923c-bbc5660e3d15
13513787752,f037574e-135d-483f-a292-6b32bf19b7cf
13688294702,3dddf55b-1170-4f49-aecc-f07bf756fd43
15942034392,9b4fe891-155a-4d4d-9c6c-81409715bf97
14981174475,8df6936b-e8d7-422f-8076-a9bf1939b6df
18097556912,5f80b684-4210-42b7-876b-e6014e442c18
13073330457,dd81fd1b-e9a1-4899-bf05-f1ae9eb89202
17274481291,032d8f90-d990-4ff7-beb5-115d34a8d90a
11805372837,172dbc9f-62ab-421a-a662-19fdf2a44ce8
17736934985,12636999-7512-4ca6-b91a-7084a48137f5
11254573701,ec7abf59-6638-4655-8e67-55c7408b11c7
11629591323,e70df407-a598-496a-b732-7a785eb1ebdb
14911526638,758ce898-35ee-483b-9df2-51dcfb30144a
18113212531,cf482346-b4ac-46a1-acfb-db9b847a5620
16728656717,aafabf2d-6d1a-439d-9a18-205c4960599f
17042161377,97740861-ae79-4610-8bbb-2361dee785eb
19209616124,527a97ad-61e2-4ff1-877d-be3cb3c41d8e
13494261064,93cffd3e-45ee-4d39-be8c-80454aa63f2a
19797401062,99fddf8c-2a1f-472d-9d12-550a7866743b
16148593906,cd0b08d7-c65b-4afd-bfb3-28e04c371bd6
11919762883,f00afe22-f8ee-41ae-9517-5db57106bbe9
16877864312,1b405a19-14d9-4af4-9585-fd333cc2a552
11476872161,9f469d70-d4d4-4dd5-9eb5-5f3ae1f886d2
13407435304,972b7276-dde8-4ab6-b9fe-d51518832bdd
19065646572,601250d2-ca3c-4ec9-be0c-0441feaf0c0b
17862285999,5951b3b5-39c8-4e23-887e-a8ca4f150532
16079448675,423f037f-1497-48df-ae51-874b38d5865a
15623649117,03b95e22-fd9a-45f1-8e1e-40c44e23c9eb
13129553734,b80659b7-8e93-41d2-bc42-4b855e52f609
12021088004,504d611b-a22c-415b-8c4a-f410773359b7
15555488089,72356936-0a8d-4341-bd6f-350eb3dd753c
11281855065,de74d211-88cb-4126-9241-6b4516c247fc
19647650251,1ea01e86-57c2-4b6e-b12d-2a4806ef9695
17969891770,9d60a44e-9e43-46c0-bbc8-1fc4213ec3bf
13908165057,3fe60e4a-4e68-4f5b-bcee-afcb5fc28aaa
11553494034,31fa5e5a-1b59-4c1d-8821-ba4597a4b65b
16555876836,06f16c08-7eeb-431b-9391-67566731a3f7
12698024170,56ccd14b-aa06-4905-9c0c-09cc34d4da7b
14921309784,f072c0b5-982b-4414-89da-f23eaf94faeb
16765091361,2787e7c0-b86b-450c-93db-80fe72689627
19749894890,f87715b0-6b04-4b06-8f55-df5243c6990c
12460063742,8ee8abf1-4c8b-4e7b-9c2a-0cb60b5d7a33
19247923408,0bcb1cae-7a43-4b1d-affe-3a0c5ef7dbfc
17189913809,f5f09bf5-0137-4c4e-9178-49bb95509d2b
18982966117,e519b0ee-8fcc-4158-a653-abbe83e41996
12897206205,ab6f96ad-0457-4591-9f32-d27d06824479
11311221627,67fe75df-e955-4897-92df-d0afb54e66cb
13515842867,65b04fb2-002e-4ee9-bba7-18eb03a4595b
12593274195,5afc5f1a-6f19-43bf-a3e9-b0b09911e1bb
14086521751,c91de6cc-90eb-44b2-956e-78ac05b8cba1
18510657715,415f2a04-959e-41a3-badf-97108639c603
16690384563,1d7bfd61-e9c5-4286-a767-2aba37222b26
16819394830,2487bbf1-5dd9-44db-9d3c-774a7bd0d3e7
12166171049,4bf5aada-8c75-4eb6-8f1d-87547915db46
13786482014,5d6f8d03-8a01-4707-ae08-d8b482d2e614
18433569902,35c5d4df-b702-4f64-993d-74ca7adaec28
12205770369,31dfe36b-1caf-4362-a89e-3fefb1634a6c
17886295278,0de6657c-11f6-427c-a2dd-40ab9c83b10f
12676880889,456c6672-f9b5-4fda-a980-e76a4b18f358
11158197365,80ea3fdb-0524-450d-bee9-87d4b0e2d668
16432106377,44ae3a09-0d03-46ce-83ef-d97f8ffecad0
14851348512,d9874274-5d45-43b5-bc79-ab561dfe5078
17260438072,1d5ca042-25bc-47c7-8ffa-1fbb9217d1e4
17531261646,f4786376-f9b5-4300-b527-db7513c74f37
17793347564,25efc7a0-a1d3-4717-9523-ed94e1633576
13562329085,7cc8449f-96ee-4ca9-a1cf-c0f13c8742c1
17322668429,04aa69ca-bff4-4fcf-8488-3d8a69fc1c44
13395888964,5295b2b2-a19a-49e6-a0c0-b8cb703aeda0
16479394634,3ccb0e91-b15a-4eca-9cc0-2cc5769c1103
13656815812,93cf8062-0029-4c83-8998-845116ccb692
17336161870,9d1877af-667a-41ea-9617-c867b7e3474a
12831618493,cdb8fe94-ef0c-4eda-90dd-7f162fbfc1df
13876014136,ab31c6a7-5fa3-49d8-8fa0-7668af6f82d0
11339210710,64961d37-78f4-4f46-a3d5-1979739cb95d
12617049461,951af4f0-6073-47f1-85d9-e18d116ed490
11726469924,458d9242-5741-42d9-bca9-db78089e13ea
15286263638,4d80be7f-89e2-4130-b0cc-bfd24befd23e
19934670281,b0809ef9-66f0-4dc8-be94-f1c1c8c02922
17872263095,43bce557-f114-4955-a065-661c38a7dc04
12255059111,69bc5557-e11a-402e-92d2-2977deb9be79
16883390325,689a3f42-f261-4cea-a405-007bcace38ad
19046306304,d0e25c74-155b-438f-89ce-f58548e7a352
12958529130,ac9b1fd9-e85b-44c2-aed4-38c2e05c962f
11454331471,7e36b82a-75f8-403d-b087-46123a35d1c1
18714592322,cea658a4-2f47-4190-9162-421a905034b8
18607794354,017bcbe9-8c1c-425c-a1b2-5dd2fee0c0f5
15491094266,e786099a-a14e-4733-aead-9bb2cfaf1b33
17316032675,b4ab7eb7-27e5-41e6-bf21-eb103a8371be
18509964183,5b781307-d01f-4c70-be0a-1401d983d15d
19979504994,094d393e-cd7b-46b8-ad98-332460f34d52
15044428319,d1bfd90f-dbeb-4a5a-8af1-cb8daf59ba4d
19672247892,d850dc28-a06b-4d2a-8873-da5af9189ec3
17076954643,3ec15967-a2c2-41ce-a089-bf905347240b
13282573512,16e067a9-357d-4262-8100-a94c32973a30
14150861517,9c3dc640-9426-4ee7-ba51-0e0022c3e3fb
17494943305,7e626cbd-1afa-49af-9fd2-59337af9245a
14043838492,bebfc304-20f8-4590-b5af-b0c9efe42aae
13778309114,c07d0561-f2d7-47bc-a5cb-1667d9c36c36
11437013858,42e805bc-f629-4839-828f-5dc575b0c3a4
19411042520,2e208f6f-85f0-4d28-abc6-e6d7883373af
16253841611,abe1aafd-6dcd-4036-ad46-36c959be30f0
19183668376,2dfc4541-3d49-4627-ad9f-6314a774bc17
19647887522,64d5b468-64a6-4560-96d0-fdbb7dc8e7f9
15598035967,9a364cba-842d-43d1-ab86-596e384d406c
18988621596,8125e643-8b5e-495a-8b7c-42c58f26969a
18997461753,adbe85ef-c788-4e18-9e56-8d45458b8add
11675772181,ed39f924-ef5b-4c87-b27c-c6a611303665
12148672487,3e5694f7-018d-4df9-8e36-2cf0c049c0e2
11884024346,88e862f5-5992-498a-9a4c-64ea09d75de1
17942754393,9dbcc9b0-b611-4767-b521-2c6b0f63de4d
17594885099,b20fe8e2-579a-4590-956b-89c0f6b40864
14305577809,d9cc0129-0c61-40c8-b2ac-5ed94836e2e3
12077423859,bf9567f6-7f7e-4f7e-9103-cd2abd09af63
13040245635,1ce5c05b-c07c-4fda-b15a-46d77938f9ac
14669088131,14275bb0-0e79-4907-9a6a-3882fe3d10ba
12906211454,63debb05-7e1c-453f-b37f-6a03d4b5c253
14977560277,7b1d9d03-7f7a-4ad5-b76a-7dbf63ec1288
15429608111,9503b240-94b6-432f-8f75-afdf770adaf4
17043290821,76bb10a7-e19e-4e39-9292-9f2ed498a5b4
16842054787,4da99d41-fd40-4262-b5fd-5e0cdf6780b6
15408332075,6ab35272-bb79-4be1-8872-3c7b2971538e
17682156595,146f839c-9812-40bf-9758-c73111779a6f
18758936002,d7880b4c-8bc1-4bb7-9262-f4e736169355
12144770555,47f87bda-124e-4c34-b354-cabef302673c
12553488229,2def99e9-662a-4986-b698-7e4c53790541
13233347427,0cc14856-71db-48c2-b920-ad1dc7e1b4c5
12604030044,307da987-5c06-48fb-90bf-711fbc7dbc89
13241213216,230e4614-02f7-4d39-94ff-482a7df86217
14598549402,ee4f4ce6-5af6-4e50-850f-ab071d66542d
18337100743,0ec3c164-c2ce-46bb-8e94-a250d3093fc5
13525308660,f4bbd8db-89df-4dbf-a0aa-ebd51df59f4e
16504755838,61dffb66-3673-455f-bcb9-d78e8b9cb453
12627053405,2e235b43-d5ae-42ec-945f-86c49ff0e175
16103221266,29d6affd-2912-4013-83b5-81e3b4f8cfd8
12109683418,cf377cc5-6e74-48bd-8b19-ef054628329b
14248395642,f997c181-dc5d-44d2-84a7-ef4e828f96b6
12301129169,56e3d8e8-1551-4e88-91d3-6905a8c93fad
15586801642,172283ea-48ca-4d28-a341-524a75196275
11258831408,fd7b617a-db5d-49dd-b15e-ef0355043e49
14286271024,8ed26bfd-a1c0-48b6-a308-5e97f8507dfd
11312132646,27d900d7-2e24-4c39-bbe5-8b298d2f8926
11971357009,74942b31-69be-4080-a997-6d308167ce68
12966798750,7b7e0bfd-e5d6-4ced-b691-d7c3515c180f
12662339825,67bc871b-900e-472d-9c58-c26295f9b5b2
16184094469,ca6a533c-0012-4792-ad4b-0c90a252dfc3
15275655045,7e19c87b-5258-4f8e-aa0e-3ccacbd1be23
19452219618,394bd10b-bb2e-40b5-bd9f-515c75fea238
18700112443,d2f39c5f-ec3a-47f4-a45a-1d072586a073
13307321470,0458486a-a02d-41fe-a7c3-11458de3fd25
16673835608,7b97456d-1756-4103-a614-330a8a4b56e0
19217520057,f8ec6133-19f8-4f1a-a406-109c221526fe
12069034972,85b3e6ef-f872-4dd7-b5f8-d984a130cbdd
13127839199,8138365a-a624-468b-bf83-0015c2ae91e2
11260358764,a1997f6a-b015-4f63-8fc5-f9cbd6e4e34a
11993563036,497f9322-b5dc-4000-97cc-6df8aed8d089
13046141739,6178facb-4c06-42fa-a408-b828401c7622
18856809245,ce2015b2-b2b7-4380-ba40-a8acc020d149
16467257150,52421e2c-915b-476c-8e2a-b0d222594af3
15951318177,5ae73236-1907-4ff2-81f6-1a7daad568a7
15054322337,12498e49-8038-4bfb-8bcc-7238c617840a
11720485787,f2b18ff0-6825-4659-9bfa-81d7eeea5645
11620828972,23c52db2-0f5c-479a-9bbe-df88fa291b61
16517624333,e172e194-8eba-4f8c-a1f9-990e5c15d3ea
16338799727,3fce0781-b3c4-40b8-a68c-663a522ce1c8
12893733174,03455af3-3b43-45ad-8ae3-0e5fc0ccff7b
16303767683,2b4652d0-2058-4df0-8dae-3fab0e0b261b
13532295706,e29e225e-3313-42db-869f-1581460efb29
13119768242,507b8966-6ea7-4de8-af1a-4e2fdf2f2602
14848841396,eb4938da-2127-4009-ab55-5da0ab5c5a32
17657924406,06a815b4-a2cc-496f-9d34-f52d8b77b9fc
13335703309,1d5b6dc2-f01f-47f3-9410-2efe091f379a
18039594366,59a3ed57-3463-4e30-a55d-53724c6ef26d
19050511878,e08c3e16-567a-4808-b28c-4b0ab016deef
17821464361,b1944eae-f39c-4a54-9b56-804c6196cff0
16678551110,88ec7fc8-89da-4617-927b-3fbc991e5259
13666585919,e5646345-fbe7-4535-abc8-90d9fd9688df
17378215975,a827b1a8-4a9f-4ceb-bff1-e2fbba67b933
15419817159,0c50e687-5bd9-40c9-8d34-0f2ed590eef6
18588270248,597a678b-c878-4aa4-9398-b6b5fdaba9ed
16883236144,ec7f421d-a70d-4906-9efd-a61bc5e2b284
12828841856,4cd2378c-68e1-43f1-b9aa-8d0d893c0445
19021780135,c1b211a6-05ec-484d-9c73-2e261bad03ef
15681270902,b4a034d5-4f4a-4359-bd87-07f5c2bbdd9e
13033227298,ebfe8b49-baba-41f3-b8a0-3f011058ac22
13645779636,fbedf7d0-8015-4710-84d1-2441442fca22
11426334961,a8b702f5-fcb6-4cd3-b73a-e0a12d8f1a91
19105297511,4f0459d6-0dc7-495f-b805-84555671081b
14556358287,282d4cce-5289-4efb-944f-820fb12bfd42
13186988065,48a74043-2b0e-4914-82bd-17e51a059129
18348517460,0a83d108-d0d5-47ab-8a4c-1399a5593e84
15106136884,2f5eb198-45ce-4991-b4f0-c7023520f467
19669869717,9b6d37db-353f-4658-b612-a6782b025526
19587197889,a289536c-9624-4a99-b81d-07e7f7b87995
16123957179,6f3d735f-2f48-44e2-b675-91c05c9848ce
19252822289,8e85a37f-3a62-4675-a6bd-ac1059bdd6a7
15802563214,1ba9bd26-e550-4b4a-b8fe-6b1392723e43
15416637271,c5563258-74e4-4b93-ba54-cccb8054e1aa
12010902024,e5186980-bb83-4fa9-90bf-854ab5d81dd1
11986474817,f26db4df-88f8-4af4-aed9-903b4f05969f
14936771066,cd858cbb-7b3f-4133-8f19-bc3832abdd3d
19561946717,f54f7731-24ff-419c-8e0c-c3781c20856a
12655354267,1bbade6d-8789-439a-b702-a8673f6c4c60
15194876274,01f44b5b-fd9e-46cc-8f4e-9a3101dc6ae7
19732085029,cc13a83d-8525-4b60-9508-9c76e5e4d7f9
15758177379,dc58709d-b83d-4f4c-acde-203cb06d64ba
19414679537,80c529f7-24af-4878-8b72-962d4d7b8569
13063882418,f2acb5cb-e7ec-45bb-9016-76cbee72e2ab
17050671126,0491138b-d4b6-4652-bb71-53bf407dcd34
11562819531,98ca75b9-f669-4a8b-bcd7-cb381bd7a6d0
17111155857,1f719451-0917-49a6-9e7a-b4e57d2b9697
13147977116,35914a51-f09f-4aa1-a29f-7123f12e4314
13771823224,73dd0d6d-eeb7-4eeb-aaaf-21ca100de97a
11611776421,25d10051-fee7-4b08-804a-b353538928bc
12550842504,51e37edb-8047-4d03-9f87-cf5274c0f538
15715068233,f9229500-4550-4972-a5bd-9c8283781704
12069147417,e87a2640-ac05-41f3-bc63-3f915b11e2b1
16207734689,3dd89c66-7662-4752-8dea-7130d89304a8
19072663756,01c69085-339f-4bca-ac9a-3de3ef6061c5
16271778602,b50bfb90-bbe0-44af-853b-4005a92ae6ff
16913937342,3e762cd9-abd2-4871-a837-aa622996f11c
15061036742,8cf20a19-d778-4dba-a8c0-94d23871926b
15770932593,f036abca-ff40-4688-9496-c4fe43199d9f
11180109630,8dbaa441-83d1-469a-988d-571c837aad54
11880186309,289afe70-902c-4664-9b70-190122ec88ba
12377377922,58553d6c-836e-4021-8a7a-fcc4abf1e60a
18719338471,a6c3ab6e-f998-43e2-b167-a53dc8382831
11953144904,83f1db0f-625a-41f5-92aa-de1b9b71294a
12484140376,1f4d6640-c666-4a3e-9012-e9ca52b363a2
16440739213,7b1b11e6-f2c0-4397-a092-1e3fed5c6b2d
11878492266,56dcb64e-e91f-4a0f-9384-2bf874229bc8
12026032331,4627fe86-9241-4c63-9bf7-93c7282294bd
11404985544,5d51d52c-ad73-4693-8598-b5384501bcf0
14236317811,da239277-7cc8-4b5d-a8a8-a493c25c75bf
19716684946,2c41e7a6-f1c0-401d-a669-638dd4029bba
11277381602,797d7266-b55c-4a81-a7c9-99c83199da8e
16198598048,a0d8ce9a-b03f-4ac5-af80-c2060ebcbb85
18833585843,b736fa22-5ef2-4a71-97c5-697aefb7f3af
19203280861,3b51e250-ce32-44b1-a1dd-3a37ac28dfa6
18768230390,a16d1b53-bce2-4a0f-8472-a3c89fab36e6
17181831537,112f800a-967b-418d-835b-2d90bba59cbc
12034984260,e8738a4a-8c7b-4339-aa46-d6a3cabdd4ef
14042630424,ee04e839-0178-4e93-89ff-33a438c6e165
17748420363,ef115eac-1040-4bf6-8be1-253e63449409
13213357976,30122213-947b-414a-8d2c-d9ba194e0ed2
19090035261,fb88ef6d-acfb-4215-bba2-e13f71df6644
18163598107,547487f4-6a12-421f-b6b6-ae569a7a9d17
12795775373,850f7004-53ce-4e4d-ac3e-c742e353eb9d
16914438218,ca6e2e30-33de-4db1-b614-a9ba294bf529
12492275444,78ace804-6536-45e7-b4bb-8a96be75d255
19363692430,93bc7c4e-51ac-44e5-9e13-08e118da5146
15725187023,723faaab-c670-4551-b3cb-bb2b59519ad1
17051959665,88d2881a-d152-4893-86f3-26073ae2478c
12890417893,1cf78c0b-539e-4eae-89e0-f16efad98710
13114167503,5dce5376-f695-4032-8396-cd8f52d051fe
12694067932,c93eb90b-ade5-4c17-872d-6e51a4286016
17385589489,6140d3fd-29a5-4be5-ad2d-17df8e112636
11513496901,7bef7100-036b-4185-9d71-138bb3ebecd9
11630712345,9ff80e8d-e78b-4024-969d-c9dbb671cbe7
15560231569,ff525ca6-42b9-4ff4-8097-50c99dfd4246
13349838358,45c3f7db-c60a-4c57-b360-67a6d1f3b429
18098712484,221e2a10-2a86-49f9-92bf-cd97e1cc28f4
13718423848,859ea28a-6bd7-4182-8d07-d489610ec576
11208476633,0f701e99-61fe-4772-8323-c6f01653d359
17604800270,b8b9740e-57ca-4616-bb7b-24e354d5468b
13711455128,47198a14-8dde-44a6-914a-dccdb058dae5
19831014007,26559dd4-c8c6-4c3d-b2d5-822254c5450a
11152675975,09aef306-1de1-40d2-aba3-c4d898584dac
16691204243,7dc1e60e-caac-4c88-a54b-aa8951b4b05e
11575810491,425ee6f8-c8c1-44f8-9293-65c199e77818
17484233616,8206b272-da80-4674-a99e-2e295b836b9f
19793714781,c34b1cb5-3090-468a-a9f6-a6b512bd277d
14143145961,6db6eab9-3170-4f36-889b-ea1fea6ff7f0
11043919940,05e18545-cfd7-4ff4-a4b6-a68b04214b32
12527643756,22f36ab8-b6e8-4f5d-998e-4d86fede053d
18568652273,b51ec73d-826b-496d-93c5-04e4ae5e6149
13653241422,4371418b-f013-4847-a775-0a2f2928c755
19166459186,b06b989e-3d90-4e59-a1a5-2c4fd8f9f24f
17050438924,66d4f30d-0026-4a52-a67c-bac10bdfdf70
16689117251,4e14a5b1-a676-4206-a5d0-c39542daf351
13587548816,88873db2-e3aa-4fbc-b186-4194a2481be8
14309021683,66ee7361-46d5-4013-a845-4efcf26e9853
14874767667,78989c1c-f7f0-4c27-9d05-0199f52fa1a8
15804076922,834700f1-6eaa-474d-8216-6c941b872e58
11183045492,e9602d14-e4a6-4f1b-96f1-c696bac0c3a1
18261767730,86b3404e-23f7-4f9c-bd74-a51784dddfc4
12588306742,6684ce2f-7d53-46d5-bd27-c91f3cc18fba
12487137637,0c28b457-6a5a-482e-857f-e873acc7fdf2
19383963009,26f1ad02-5a8e-4c96-850a-d45b55e92d37
15087403823,3e507382-1326-4709-b268-93081d2384ea
18530786813,12070992-a6a4-4883-b124-b2bc72afa5a6
15848228859,a5873f50-0686-41e1-b057-ac33a5ab3f65
14676623228,4eb99867-2056-4775-8d73-93c1771fe998
16647293632,44d732fc-3d01-4bc6-b9a8-824385b882c0
15295158314,1f05404b-9a21-400b-bd95-8781d79c4c92
19455245399,83faed06-e1ee-4cbb-9579-0b2075aaf692
17265485435,f323ef5d-06db-478c-a01a-8ae64a93e6a6
17761579224,e315a33f-64b9-49e3-96a6-3c4dacbb9d71
14767413273,b0b07aaf-457a-47a8-be36-af26f3182302
11980232421,d0a0d03e-9710-4822-a316-060a1fdc79d1
13889982585,5fa36f5b-d607-4856-9d59-88ee4ac72542
19253699052,fc9257ba-36e1-4896-bec3-b83ff64a93b2
14719640695,b6b69395-b447-4338-895b-c5ea34a77784
12757761207,b0fde7b9-4852-4645-a211-bd4daaf451f1
13199627009,ce2dc629-26d0-4668-9717-279b15e139ca
18403992527,886d6edf-8c79-42a1-a8ff-b413000b8cdf
16065382702,84a77975-e59a-4e6c-a7b7-c06cb76c0297
15435605976,2e4db9ae-50e8-4ecc-a46f-e0ad6435f1bf
12109193782,2d3c0641-4df0-4d77-8b68-bd840ec7f63b
15025226308,e86e14ca-0638-439a-b98a-97b213b7ef18
12603785898,c65e3c71-17d4-484d-94bc-087d7bca07b5
14669399276,77702600-352a-4bc3-89bd-b6f2a932db19
13199724854,abe97357-e6c2-429a-9d75-6bf7cd94c454
19813587648,98130a9f-99fb-41f8-88b9-7c9bd2aa983f
19910369493,77d5b7d8-30e3-463d-91a6-ec815b33fe2e
15627884622,2682dd6c-51d5-432e-b57e-f77ee10da349
14262928289,0d63ebab-7671-4160-b882-3726d4db2cb6
19287497462,31338e40-968e-4653-85bb-5f3449a00d0e
11824889789,4b3e82ff-7aef-430e-ae9e-dca2198ae132
17116187180,59ce9057-1ae5-4604-98df-debacbd3b1a8
18361555491,f156b3d6-5d68-4b14-a472-0eb4b2b8ef7a
14288142391,92f4d2ea-1a59-4b7e-b198-dd6d01de8190
19301420985,c277d75a-5df5-4ca1-89e9-133b9b770ba3
15579552891,1c95ed86-a752-4829-a464-6904e16d6ec8
11476279264,56ad22cd-19ed-44be-bce6-b7dc6cd5fec2
16295453077,2a7b3b22-aeff-4a6a-9f25-ec923340be1d
13538487788,ab030d68-ef84-4de6-8b01-b74c3abd77dc
12645697640,b0b43778-6389-486f-bcee-60dfd3df3e76
11998275015,b34599d3-9b39-4e29-8d11-340b9652488d
15635052107,6e80a317-e40e-4e0b-820b-6aba06d990f8
13583603389,1b6403a4-9436-40cc-873a-e654073e9634
17440602524,d5fb5285-df9a-4f21-bfc9-c1bc4979db63
11402729058,9b3b13ff-a12a-4f41-b486-80dca7eb6f92
19068479324,4a1fdc0a-bb65-4db3-aedd-194b84a0944e
16898352346,2e701d33-5e68-450d-96d8-66a47bd6e103
13886361315,4acbad36-9d86-44f8-a596-7f21b01b458f
14330604973,77906534-2088-4d00-9a1a-bdeef2f63895
13187868336,19985705-79a0-432c-924e-97d2e8981455
13750366609,59d31ffa-e8d9-48fa-b89a-8e5aa9bfc2bd
14129625816,590b2231-1892-4740-85ca-a61faccac370
13662571460,d1818f65-a2e4-4280-969a-1d018abe30bd
18981793625,1a242bcc-c5b6-4bb8-8765-49aaf926de38
15014867728,f21be85e-e860-41bd-a4ea-48550f8d22b5
11154699752,4cf7263d-dbbf-4824-ad04-5f5156611793
17051314822,405148b9-bf14-43fa-9af6-8583d37067c3
19687292793,b5dde499-dc8f-42a7-8d6a-6d7f4dc28545
15325833534,fb3df4d7-a573-4ec0-a521-fff5633efe31
18703214128,cef38ed0-1488-4d40-92b3-a46b6d40b998
11187043003,1245d03d-4772-4b42-b447-38fba4ac1676
17778017851,dc55dc0f-942d-40c9-a729-966841c7dea0
19251922903,e192611b-e91d-4b72-a403-6515029cc64a
15643002215,16332e81-d404-477c-83ad-10c305ea96d7
14867684442,d29eb43a-a9b4-4dd3-8764-fb94858b3337
13422295482,3e91c2cc-cabc-407a-bfc3-8d7e0c7c0f0b
16398481482,39ef16c2-afcd-4e81-8a8a-d7e948096963
12949510431,67e46345-4d86-4269-8424-826d8741a100
19753142634,fe146071-15d2-4c95-b2b0-eb1fc951ede4
15318803592,e1b18b0e-3aec-4d6e-b852-c4bac5d5bc50
13952951964,3fda7071-7e10-42db-ab0b-918b547fccad
17496089936,e71cd6a7-4c06-451d-b9bc-904613724231
11263201491,90b760c6-e425-4436-bc53-b68d515375dc
11380648608,50947923-e61a-4090-91c9-fd976932c941
16695112734,13177eee-27ec-4d28-af37-e894593e1a2a
13530608542,9fc56c03-a365-4f45-9df1-6993bc426111
11357458365,4bf613bb-3353-44c6-9d3a-8701bba648b8
12535688155,2f537ea2-4437-420a-82ea-a34978b0f273
12259515232,64a8dddf-e0f0-422f-bb92-46c5a52c613d
14086712495,b71f85cb-58bf-476f-820c-581625680bff
13994131596,0238ba2e-5169-4261-a503-75baf0c13cb2
19728885479,7807f6be-83d9-4ad6-a49b-32604840fad0
14684229739,b964ccf7-bb48-425c-93a9-113ef857c63c
12204212637,d84372b5-0a6c-46fd-ba57-aa452160c4c5
19761010920,0b6b1ce9-cd6e-49b7-917b-e2152549b92f
17850116992,a52aeeab-b57b-4471-bc7f-39209b0641a0
19503807876,d83d816c-0378-4259-aba3-3e1ae571e03c
19722504121,194fec9d-d0aa-43de-b98a-e9e0839a53b0
18226166868,bb54e4c6-4b69-4a13-96a9-59fe568fde06
15655158599,43bcedf5-45ea-4f6f-9245-5e28a41e17b7
19881551516,bd8d2d61-acd8-4f66-9383-1e84a267d859
17071351472,d56e015d-1c4e-4de8-8363-04bf0f4a3fd0
11694332241,fc30df44-87b0-4c1f-8cee-4dbcfcc9ef2c
14761880438,d7d1c1c8-d831-4ab3-bd75-d5fc0e21e45b
17313295780,de8a126d-eabe-45a5-8e4b-92082cbbfb83
14759712730,ca55167d-8589-4095-a372-f0228c231a3a
17002542731,b386f8c5-6b08-4a4c-b966-5aedbea270e2
12605878935,975f65b8-2108-4110-8ca8-b1f17670c5cf
19093783222,30c4fb7f-7a87-4014-b717-9e022dba8b24
18057371216,ac97f594-b718-482c-9c31-9a939b5bd44b
16430939181,4644098b-8661-40f1-8ef5-eaa6697841ca
11647430054,81aa29a4-f26a-4fbf-89e0-7a5e88edb983
16005115276,8b00a38d-9ccf-4098-a8e3-a3448934b08d
12377134189,6bf09173-03e6-4a53-a659-6c2661af4d14
14576429681,3df6bb3c-d773-4c36-85ba-aaf3bc684e5a
13041586969,aeacaba9-76c0-4564-b99d-c0e75548ae8a
14559036202,9e94e9a2-12b9-42ee-845d-e54715114c79
13497486868,a67574fa-a173-40c1-80a1-d0f2572e63f0
11295449374,d3302173-d81a-4617-b0bc-4e17508d578a
13565071616,59a96a89-3d4b-4a25-9ce3-8905364e7118
11326585762,4c92eca5-40f6-4c20-9ce6-dc71526f6abe
14896394907,ee1f1fd4-bc46-4317-b09d-82cef43ea08d
19856593160,86949bc9-0ee5-4437-93af-cb9364815955
11896490571,f47c6bd2-654c-4e8e-878d-f0e34892ebcf
19215590140,4d8f98a8-c549-436c-bba8-287ee3897950
11795820137,8e1fb019-60a9-4d5b-87c5-9967c3acaf0e
19155127610,7a0dd7d8-5164-47c5-bb60-8caae089357c
14172795436,73296f5f-2b6f-4d4f-86d2-47b3515ce6e9
18142842022,27759241-ffd4-452c-8f06-737d34d2f896
15576480909,b5983b46-ea64-4eb9-a0b8-3b7da577007d
18219444587,f8475ca4-8d96-4ac8-9313-c70995927a61
14338898261,799e2908-f27f-417a-93b8-c13dc093016b
17468573413,66022e72-65e5-4b99-b5af-6c7f67c22564
18745490565,f29a8c51-7f4b-48b3-b5d6-9556b3528133
14842699209,f688e88a-6698-4ae9-b0d3-3483c5a41c9f
12095191115,85b98f4e-b8e8-42f1-adc7-99bfe8b64574
11859507448,741127a3-41c2-4e63-bded-93f43acd419f
11115523711,93451046-a722-4b7f-ae76-a6577390295f
18061817907,f7f4e4ec-b740-45a4-82ac-31ee181c600d
13709234434,e67cebcf-349d-406a-b6d8-9f63f1a89373
13009039494,d4a5b842-cfbe-4531-81b5-c6bf5d7da69b
17782473361,296fda17-4083-49e5-a2dc-68bcdb7c22c7
13889724094,7943eb61-9caa-48fe-90eb-6375de5d5336
11864612527,c96c859e-2e15-4778-b407-43c955e33105
15208857996,e1d11908-c54c-46b3-85a5-8088bf2722f9
17056395272,b66af4a9-6a0a-421a-a774-a8166b88e418
13543117166,c8e62221-7c6c-4dda-b6c0-7e8afabdf122
17554584177,e9e902c4-1e60-4296-9fb4-ae8f401a4092
11731066426,c9e6479e-955b-4f56-93b0-67f972dc931a
11900324332,cd9daacf-5267-4117-b72a-1c4dc58e07e7
11125556006,196917cd-3cf9-4333-9b76-7655fe87025f
14205363350,f125796b-b9bd-43d0-87ee-94e2e33fb13d
14412908840,b8ed5698-a17d-43af-b2d6-bb0c5fdd8f06
15091957245,f02a88d6-a5b6-43c7-b2ba-8217b48be0aa
18288393614,556230fd-2d70-4565-a5d4-6bfc0e71594a
17330201920,731a79e0-d72b-494d-8781-e8e3585ccb05
18854209760,af7f99da-3d72-4fe5-b333-784af5c416c0
15421978173,07ae21dc-13ac-48da-9486-718c9800eacf
19942815373,4d4d0f65-c59e-44d3-a6e3-d5454c2b425b
13395765789,46c6efa9-2aa2-4910-88f2-0852d25b6a9b
14808325755,415294f0-28d0-4ec9-ad0d-41dc82191db8
13443420899,e85c83c3-8d76-4d2d-ac8c-e254eac2de17
17457874315,767abe08-03d8-47ea-8d47-8bdee3af6690
11265303396,129e4a97-5a38-48dd-a265-9e887e4a0c45
14988119244,18056e02-8cd7-49d8-9c0a-1c96de5cc8cf
19236586267,957fe1b7-6a8b-4e15-99b8-47b325c6cd72
19853805755,51aa5388-2608-4c58-b500-f6bf1170244a
16502959248,d3ae86b4-9c4f-4ac6-a467-fb276cc15595
17504788805,3c3225d2-ded5-4a8f-a012-8f74754bb0d4
12162622046,cbd5e386-ebcc-480b-817b-b0d490e87e8a
18425681542,4620b7d6-99c5-426b-8024-dd75f2b428b6
17729080636,cb50ecc7-dc70-462c-b4d9-b747734e247d
15816945459,89a66b84-f49a-4ae4-8c8c-db801443f2e6
17120526873,2712e63c-17d6-4b5b-b34c-10c712c91ccd
16964884585,4fb3d78a-b685-47b5-a839-0a02b497ad13
15065444370,0ba48fb5-f618-4f19-a537-519c9d2eecc0
15527486275,0baa6218-05c1-4511-950d-e113f7ed4610
11527267741,9141f3ac-2b9c-4c15-91c0-a3e3bb420420
18509021848,246f3ae2-dacd-4993-9a14-30dbddecf570
14152754122,ea6aadf2-f693-4940-9abc-3783a288d549
16228977123,2f867bc7-9f2b-4f18-9fbb-122eb3eb15c2
17617741646,32f841d8-5b31-45fe-a653-ecde099be4e3
12950471894,08c5fce0-b897-41f8-81ff-3af98add6102
19131374702,12ec277c-1d0d-4985-9b95-9821aa6ea020
17487903883,de6df2e1-5cd3-4cad-9354-0075e1d112b4
12644443012,86fd8660-c678-43a7-b35f-f18c822b9519
19636415250,484c484e-c325-42db-b16c-9319d3b2c124
16435625557,3d23f9c6-544d-4753-aa0e-68c0b39890d3
15184670368,d6e4ffa0-21bb-49c9-be76-bfebc8b01b2e
16030017200,87125e5a-1969-4e24-8cfe-f7ad903089cc
11424690308,446e590b-15eb-4179-9e03-5f8de2855d10
13119201824,f9aed606-97df-4fa7-84b4-e5879cedab84
11262488657,a0033bfd-98f5-46c2-8749-a6f4ed1ffe68
14809272789,0f9685a5-9705-4015-a418-4623c676003d
18154269708,0b92fbc8-89e0-4556-9605-a9a23b26b90b
11840474352,0f515f2e-014b-40a7-975b-c5575d65923e
19105442791,4e859323-b348-4f83-a319-972953379c7e
14874406430,94ab28c8-ea20-4bc1-a538-1a9901490147
11751960778,de634428-d1ec-4868-9c04-06cb6aaf6399
19287444950,d64bf1fa-5cbb-4b94-b870-d85cdc38ddbd
12415818253,4ede413c-b82a-4f7e-af87-4941ed214464
18173298662,9e5cdf17-95ce-4c22-a79b-62b0c8a694ea
13243372311,9863efd5-fb61-45c2-855b-b2ecaec5ffce
11389005435,5fc7b676-d04f-49a6-87cf-c4b48edcb545
18548218137,02245b73-5b01-46ad-a961-318827278744
11539091804,fb3a5331-e647-409f-9434-8353c00a2f73
18851297990,e3e266fd-c37d-4499-8c5e-ebc1a10d3977
12283268026,397359e1-051f-47e0-8ee2-d80d190b9145
15420352256,e78e9dc0-24d2-4c71-9083-57181bd04cec
17856938189,1655ccf9-a98b-48d0-b1dd-0cebd692db2d
11740473023,41669914-8c01-4cbe-a8bc-a32f0cd1a12e
16341702683,679ccafb-9056-4e2e-b733-6df9cfe82647
16842399284,34710343-d0dc-4578-96c4-10c704bd1271
14836247239,47ffd99d-471e-4eb5-933c-486621508c8a
18271153787,bc7ee63d-8dbb-4ac9-8f63-85af2da30d88
18992430231,e3839ff5-e2f6-4897-b803-17b5c0e3a21d
19036742003,31cd8b16-7a05-42de-9b6e-932d1d90ce34
15006508128,ea03310d-0e33-428e-81f0-59badef7e493
11109306169,268dde9c-4103-4023-9039-aea12d6d048b
19569702701,6f447268-f578-4106-88fa-7329e9139ff3
13604447621,42eccb18-64f2-4c90-9d9d-47e380c9f89c
13774627116,5acfff90-3a7d-4544-9a2e-a3541106e8a0
13336772666,ac95d582-af06-47cc-babe-0ad148abd957
16000822086,10d939b7-9e86-4524-b314-520e67ff29ea
18299292361,1fb617fc-7219-459d-93ec-e53a7da3fadd
11880706598,6a8ea1d0-97ca-4020-ad96-f9df5dc31698
15064712922,942244c4-5d64-4145-8f61-db1fbdf0a8d4
12545184400,d319e09d-7f79-4671-af4e-dc6acb3596c7
13485789667,a504fd63-ea67-4af8-b818-47a641084125
18855772922,6273760e-46df-48dd-8016-b85df0fe224a
17820018386,2f8b7cd0-5ad6-4e62-a931-6f757204ce73
11331340083,9278d6b1-902e-4e55-a730-e224c7b10b8a
15488716207,506beb00-f91d-448a-841c-4bd9e2253101
16054824704,d0eac7e5-2bb7-4dd7-a5f6-97fc705481c4
12659896070,ec0e3f18-e7fd-411a-998e-5ce04ad77f7e
19643328627,f56475cb-65f5-47d3-b90d-415a311919ab
15869705839,737b9f12-b474-474e-ac4b-d84e8d547172
11697588598,0f0cd658-4612-4739-a814-4a1eb3ec3422
19193258576,7c1d8df2-920e-48bf-895f-f05c885bdb6f
17585008964,cd113287-cb68-4036-a2ef-78197bf36c75
15600594743,8e2c05f2-9f58-4266-a0ac-411c89ea826e
11459076615,57710a73-f07f-4495-b6f6-10c167c34b3f
11031570097,b4f57442-9bda-4e9e-ac12-953b28bce8b3
19505310581,4fff75af-ce77-4d4a-b09e-7e686d7311c6
15049678992,850fa7e3-9102-43bf-bbed-e18900c2c86a
18984315829,4373874f-1445-4b95-9961-388be6267588
12779374273,173a5321-8d5c-4e7f-a08f-b83ef804b2d6
14916673007,8b8916fa-d922-41cb-9730-fc8bcba55937
16436734815,502a7848-71ee-4dad-8d3a-34b087388906
14283415738,cfe7f32f-c3b5-4484-8ceb-c4aa4164a891
13051075063,0928ee5f-06f9-41a4-81ca-a5f4d30e899a
11943922256,0f9d80b5-ac41-49f3-b29a-58c390697907
15510330525,09c8c6d7-25ed-4c72-95d2-1aa0e0677a43
13146072064,b32f31d0-709b-40bf-867b-481c9f147a38
11500520124,4e34370b-5257-45c1-b7b9-3234fd3f8763
16151130112,dd0bee45-e976-4703-9acc-f92f277e68b4
16058735833,59b7bcce-5db5-4128-890e-d0722c386460
11100304066,45176e91-c6f6-4c7f-a42f-3f2271b5e557
16903208856,684b3d70-bf83-4ed3-adb4-6a67af6a1420
11941736141,f44c91c8-d484-45de-88d4-18eddfefb6fa
13947973123,d5d2a666-8517-40ee-b0f0-7cef04887a2e
18056654481,c8b4959e-b024-4c75-99c0-3b0580db01d3
18048290888,b057e66f-0f49-4e20-9143-9b296930ee2e
11459493692,85b3f5b3-99cb-4c61-ab39-b966b210dd24
14326701565,8ff21647-25f5-4cf7-8367-f189509b8b6d
17862572679,af78ef37-eba4-4a6a-8085-7a724854da6f
19469947897,4c52edc8-2f3f-4aa6-bc8e-8ab9ad045237
19980011893,88696848-77a7-4462-a8fd-43f5b7ca36c0
12505290067,0d37ab98-11e6-4f5c-ae9d-a692436baeb1
11155088827,0eba8a7c-096f-4bb5-bb06-cb57c9f4e4c0
17645962676,5d8b2952-1a9a-452d-a3b4-5ffb2baf53e7
12624851187,dda8a3cc-6bba-4c68-8f4b-9cec91187969
18530566284,25fcecde-8bb2-4228-80b9-14665e24c8ab
11166696304,a041fc2d-4fff-4a7c-9938-f2bb52ec72be
19711294820,f45af589-2c12-49f7-9ead-a88804484a6d
18164243895,9bef6c75-a9ad-412b-b784-8851a1995ad3
14799323331,29c50c11-95fb-4a18-9bf2-8cacc8814ca7
14768959994,f4c3374e-17b7-4243-b80c-d77a48b1b815
19419870320,02321828-f8ce-4060-af06-886c6472c864
14708268154,492684c5-8830-485e-8707-1979c6ab6826
14406476077,3825009e-fe07-45b6-b36a-27b76eba21a1
15345586493,d665ba88-e865-4e26-b7da-2b14caeada2a
19391038799,7711d7be-496a-437a-9afd-dc528589d192
11834722884,e52edf72-c28f-4efa-84b4-c85857278d29
12688157460,81947840-3d65-4361-9579-c6c1e63b3ceb
16990222202,e6580578-c4e3-42ff-a495-0fd63d7e249b
16902118817,0cd89dd8-a44b-4e78-9083-6144bee477ff
16392040434,4d5ab6a5-b081-4612-b2c1-947b803badb1
19877376367,dd0da2b5-cf49-4803-9a71-5718f2b6610c
11399903005,d90d6c26-be0d-4479-929a-4894a517fef7
17784456793,20fde570-f282-4397-ab0a-6253e0db2cc5
11656879508,b4df9cdd-0186-4e73-b6e5-4cb4a0a8771d
17706256650,034952a0-3dc2-442d-be45-ab3ec9b9b87b
14169878032,54ee6316-0358-46db-9567-79b5aefe2eff
16350197584,3d8efaaf-d764-4b47-9fcc-4305d715ec53
17492523480,55338125-e1c2-4aa0-8fbf-1b60d0aeceac
15381208370,2165be89-d1fa-4f9d-8063-3df2a0a0e92d
12370885653,8480b501-e996-4a2e-8e80-5d94602ec99e
17682969791,833adbc0-908d-43d8-a2bd-2e71cef553de
16567943834,f83a0a3b-619e-42e1-bc65-d7c811b9097b
13099772577,4750ef12-7e4e-4112-a5a6-f1ff6315903a
19873016222,e3da2409-fbc6-4750-a265-8302367530af
18710508335,e619ff93-a10f-4f0c-9bb8-56400a2018b8
11562214382,937938f1-9604-43d8-8c6b-6cef9cf46686
18364846038,be4f0ed3-dee8-45f7-8748-4ad9f7991f34
16370440090,e8bd6bc3-99af-4a20-a2a2-578b0989db03
16495564585,50454056-9475-46a7-a08d-a1f0a930ccc9
17746946379,e03468e0-eb37-46c4-8fbc-948436d2d861
13814279179,8896a3b9-b97f-4b0d-ac6d-8a40f52e86a8
13729724224,045a8620-11ff-443a-9785-135c5d6e36a4
19975964608,57e7b86e-57ec-48f7-8344-69867bb7fa28
11490549256,b9b253c6-915e-4240-b5d9-2eb8481bdaa2
12975896225,4e4eb0c0-6aa7-4c36-937a-01be641e1ef3
17019520505,bb935294-28bc-402f-bba9-1c866630cabe
13618321232,62d63dda-f3d5-40cb-b821-45f6a4b416df
12342040417,a9ab8c5d-2c73-4ff7-aec4-f30951fc5393
14844173844,fcf85a43-e5d1-427b-b200-7de231feaa7d
17944293033,2c9245ec-6577-4ce4-b10b-cf2fe13423b0
17274744521,95dce618-1322-4ba3-ba6f-579d0b359bd3
15460982959,96ba2706-7960-4025-a858-1cf4ef0acb77
19116024254,7be3ea68-d0e1-4da5-9c93-8118f99b0a7c
17420961501,2f5fc2d7-0647-4b00-a817-ffda610ecbeb
12691861260,2b86cb44-571e-4c93-ac34-43a91f1fa79f
17771065024,8b55a0e1-545f-45fd-b92a-55550cb19ecc
15969492638,282d016d-dec9-40dc-bb85-99fd4060c83e
17388835374,d1bf3486-74aa-46e3-a4f5-f8d67b820a60
18977259947,94d787a9-c681-4d0f-8f7d-eeb19d963528
11837473065,cedb0ba7-9c8b-4848-aa09-e47589ae5998
12808442541,b520f523-9f8d-4054-9376-f175d93fba05
12028815746,14633a2c-85bf-432d-9e06-801b88d0fb4b
13407098036,56d0a3a9-3e80-409b-90b3-2baefe35cd01
17715601501,dca41554-6cc7-40d2-8d4b-648eced2195a
18261639510,e2315a26-7a5e-43c7-a270-d217fd81976d
16451428981,835dc1ab-840b-4feb-9c15-83294c1c4a2e
18216778182,5616d7ce-2f75-47c1-b0bd-516dddb79c94
19204708255,edb35ca1-2ef6-42e4-a048-fac7e8ae1ad3
18431945241,1952f82f-6966-490c-93f2-028737af0eed
16907739319,cfc653e7-c929-4318-bf74-bc93a3b49b7b
12613097866,7edd78ee-9693-40d1-91be-c328c5aec893
12097289534,6311bbe2-5f56-4038-b90a-8d63a7fe85f0
16594201436,58c8c47b-9dc5-4617-bff7-4f1c49eeb8c8
13027906316,7659cab4-7d07-499b-a7d7-9f6944ecd084
19453592212,29843e62-22ac-484d-b21b-2abb5774e866
12688877892,39bc87fc-5762-4a78-bf4a-d9f3824d082a
19110947766,7aff39bc-bc21-4bd5-8cc4-97b23c3b8704
14974098289,7a008a41-275e-4aca-b742-09df997e2b83
12976123308,02ba1346-577e-4881-85ac-caf5a505cf16
17675484558,cb594298-5667-4cd7-9259-f705054d54b8
15749675314,7ab31bdb-d177-45a4-a09d-199881121bbb
11860747055,ae74947b-0b1b-4273-ba95-576b9f47fabe
13589760141,b735b886-c24e-4d38-b0fb-1e92052fadc9
16003974081,e0197008-fc59-41f0-8726-96b74a5f1617
19726622152,4fe2e862-f2e0-44c4-a37a-accc963a8c65
17097827841,67c3f890-769f-4dbf-b02a-cf8dbb1c796b
13136630091,d41ce9ae-8bbc-425f-bb57-f351246bc252
12084292909,2d330926-0591-4f4b-bbbb-12efd9d3dba9
11631540935,9d99b4b9-2d95-4296-8724-742a3f9ad8c6
18680939367,e2b25c32-6de2-4ea0-9e6d-b23efce121e5
12954863702,d2b0b470-ae79-41c0-a5bb-1c512c4734f2
19736195806,6e351522-533b-43b5-9288-570a348e5fad
14040293979,1c49ccc3-4463-4e88-b816-c1dd99060bd0
19265040841,f160ef0b-3488-44b4-b8f0-dcc8b08d4994
19899031482,264657ff-f9d6-4513-923e-5386c37f9b33
12648091890,b303f973-c605-458f-b267-32788e08011e
17116748284,eeeb7e67-cb7d-47cd-a99f-2ecf41ab1a59
13945004827,3832f940-6e37-45f8-9655-4233dfb3e5ed
13957189659,6466efa2-29f4-48c9-9628-f69f59759aac
16621597163,1d43dc75-e0f3-4eb6-876d-ea11e9349d75
18790106843,4abd4e2e-b86e-473b-8b21-a18526d02adc
12799342201,989df146-1ad7-42ee-bc2c-58f67189cc3b
15491515041,036a0601-a91a-4ea4-9dc2-a99e53f0ad01
14882316220,a596f9f2-0841-48de-88a6-3acf80354cb3
11743737989,80ba84cf-da18-4461-8635-bc01186808be
18539685769,e55eae4f-4304-4970-9d8a-fa45be0762ef
15635596364,c520d784-c525-4134-86c7-751ec5658a69
18956418390,c96d0ce6-412c-4272-9c43-bea2bb29ba94
19883713122,7b367eb5-de50-4ac3-a1ed-5198f3f797b3
16711711720,9ce89bac-178f-4d94-acbd-ff1b6903551a
17154095862,94533cee-8224-41bd-8fa9-35b7694a6bd5
15055699168,5d2308d6-1d90-4370-90eb-060eb3fb8926
11320807482,ea1ed57c-8b00-4c63-a234-e33c42d8b608
12824321619,1ce530b3-c8c7-45c2-b191-72084d48afe0
15239371277,4a225366-841a-45c9-9571-dcbc8d05b05d
12786478054,96027b73-0753-401c-afc9-c3fe92bb5f6f
15995274837,375f1a60-9fa1-4da2-9f6b-edf20feb795a
12852815851,85bbfc88-f76a-4e04-8e9f-0efdde4eb419
11973092467,76822517-f3c9-46b1-8cea-0ed8f34f95ad
11379181142,d12256b0-7c7f-49e8-9537-c159c72e31ce
14256384052,8f45ffec-5203-47f9-8f7f-4812d452b4c7
13933770221,52df62f5-d693-476a-b4cd-5b1baba8c95c
19691642115,dfd8c573-8df3-48dc-aa6e-e6b0526efc6a
17887295241,31bbaa07-35fe-4bb1-bd8e-2153b6364af6
18678768932,53102f31-e2f3-4dae-a5ff-91f2f4df2109
17153581329,f37d6cea-20a1-41de-b9b2-977a413cbd3d
12553131515,67f02e84-840c-4692-b74c-4c2929295eba
15118026490,1343992a-4bfc-4da6-9c5b-f20c41dca282
11153212592,487f2ba7-9351-44d3-8271-f6b827c566bf
16827706793,363d55ad-45aa-4509-96c0-c212f475fba7
12593223314,808a9a7b-70d6-4b0a-8e00-b71eb67e7faa
17428700118,e4c86093-8124-4242-90fc-b3b67ff1ece1
17262342588,3a7353f7-7233-443a-96ec-8bed580c8e5a
17450244390,d10ca584-76a3-49f4-9d90-5132b99b15a6
16321056151,a61d844b-8329-414f-8aab-58e079f397a4
18078300899,33058643-df79-44b6-83d6-a9e181b69e59
16267129570,09c622f3-e204-4cf4-9d8b-dea425f58b93
13623289715,548700c4-866e-45d3-aa4f-6f473366d2c3
14215862256,94e86c1e-0dca-4085-8b97-8cc97d194bac
14177061667,840f5078-9e44-4d7c-9f64-45a2f25421ed
14739199228,03875259-6766-4b4c-8ad0-ee5fc2f3dac1
11910437422,666514e3-5e99-41e3-87a7-41e4cd681757
12006248452,007a93c0-3079-4368-b81a-ba23fa981494
14102424270,ad2393c0-5e9e-4b7f-ba5c-3a6c61a618b1
17036705018,c257c218-6087-4826-a265-cf2cbd0e0047
19815052255,01325db8-dadc-48c9-8b94-37670b76abca
14989176544,dff1db91-4167-4a46-b5a0-b824161aa49b
17364731223,a4181c0c-467a-454d-a56c-679e4b730307
12732796044,b2c8bb4c-3a12-42a2-bc79-f4884b890975
17568502628,13305655-6a0e-4668-aa85-9e3e6347065c
15913467173,4c89f7aa-f167-4b15-a984-a819d9b97afd
14361584459,4099667a-4270-4274-b6f9-cd45b275b598
17277320798,953e6cd4-8077-4ace-9efc-2809abda0c07
13145704078,af456fbf-5f6d-42bc-85dc-2701c3109384
14812645841,7d45b9f3-59dc-42a8-a218-003cb4da7347
16711360478,b18a81a3-a2eb-4dca-ac3c-d64648f0d04c
13709295090,86fcaf12-eba4-4e7e-bedc-40265c10e0ca
12520561187,3b46cccf-e030-4a0a-9339-dda3f50daae9
12476258670,9771cf4b-5370-4492-a150-00a4fe4bae74
19470821648,8b289707-30b8-48a8-96eb-f897ef90ab4a
14253557088,f05cf683-084b-4795-91c8-512b1f45a0e7
12849541901,eb651b32-1638-4543-8452-ce2f143a5008
19304508559,50efae90-7125-44d1-9e2f-e58936e973ae
18088904950,888b3ebe-50ba-47c0-8cd0-d9b8110583f7
14715461118,cbbe4dd9-59f4-42c1-8fec-b6ae8d3d4f9c
13380903352,3fd942a2-c37e-43d8-aa1c-5f31585c13f9
15126561789,5dead985-7d03-4894-a013-81487060c3a2
15673020456,f3488389-df24-40cb-942f-d81f1be4742d
18178839026,d9bb9986-52b0-4bab-8d19-544b86da0fb3
19221085774,9e899748-584e-412a-82e6-e3f3c6a5c79b
17477779752,9809c9a1-4bd1-4659-99be-c95fff31e310
18022639311,da87ee6e-903e-4aad-a3e9-89662c582d86
17335099504,0abc1646-b22e-4417-b473-0a326de32018
16526062771,211d8835-d927-46d0-9aaf-fa9eac5d2d97
19073974898,e51953f5-8c9d-44e8-b744-facaf6c2e0dc
12516256873,8225b998-5241-460e-b8a6-99a4012a1995
12485671882,c75d0d49-d13a-4cac-ac24-b40a2699d4a8
19709072318,7449350a-95b2-4185-9676-04e293d56ccd
16684898986,6ec367af-3441-40f1-9d9b-5d3ce506fb5c
15693153081,2cb2b89d-fc96-4c50-ade0-939a9b11b657
11988349845,944dd9da-fa88-4a2f-b857-5199a64fd8c4
14755137994,d52712ea-d3e4-4f83-a8d2-f57505b286a1
15805218460,7f0c5cfc-6689-4dfc-9e93-b0cf066d22e2
13219652547,2286d167-d3b0-4d3f-a66e-ac6dd2d0bb4d
14179387387,4908bbb4-1b6b-443b-b29a-bb39d097a63b
14964249697,790f246b-fcc4-481b-9ce2-5c88a8659cb7
15042274945,19875185-2ddf-481f-bbf3-b876cee61b16
11914033707,012e79fa-d91d-4a7f-9737-383e423b4288
11079398404,57ab33a9-b76c-4f81-a77b-5778ad9d6023
11901021163,b05792a9-4a7c-4574-9234-9477fbfba6f3
16222164501,89a988b9-1623-4144-a700-9b910cb5d085
12537989996,8be98007-248b-4c7f-bd13-044b7b4c66b8
12016962980,463afc59-403f-405b-973b-dcd34c8c2bbc
13767686321,1573e1df-231b-4e88-83c8-8738a102a2b0
15227087028,b2a6e986-2c94-4190-ba50-e46745b370b1
12631534447,26c76b83-386b-40d3-ac2f-9733fc3773c4
15974714389,9609713e-71e9-4157-8e85-a970a34fda8e
15650526723,9a70f0b0-5a52-44d1-8f9b-fa6f8183b407
18350158841,5a0a4750-8037-45da-988f-ca97e68c7ecb
12174593835,1a99a681-f034-4451-8a52-570c1bcf68dc
12489266814,ed91273a-9bbf-4749-9610-3fc9e8abdcb0
15856891235,4bdbe5f7-8930-4c35-bb5e-30f20830e73c
18116238509,1a9bfe7d-c03c-4bda-a710-a6d7bc98d51b
11382829192,d008341c-7999-4fa9-8ea4-b3f248c7b001
13646212070,bde12456-8307-4ba1-b265-9e78dbce9aee
16915965484,53054bb3-b3ac-4597-aea7-d008b8858b66
11308596304,ae26c653-6db8-4dd3-a77a-7f86a296a883
17981387203,c0ad7c48-494b-4364-aee3-73cd977461b4
11274473805,4b2136b2-6757-41d9-b9ff-0c95c718448b
18481301827,b70a3051-0089-49ef-884d-4f4fa94dcc53
13881546941,dcafb6d4-8514-4bb2-aab7-2837652446ae
12866401708,cf22e799-f7d5-437c-b23e-5890f887abf8
19171080246,69109808-44d5-4500-9bd5-fb76e6aef6f6
19679538463,e7ffba47-91a7-43b5-9d16-a51403e77e67
14625076570,276755a1-7aae-44dd-912a-2c8bcbae441a
15715113095,95d9c542-a0ba-4f76-a6b5-8101f71e8c35
14418861572,72e2c889-0243-4ed0-9f41-13d0e89bc0e1
14828869237,744b9be8-6152-45c3-9e6f-50a572f7ea1b
11494217120,81de0e62-8ac2-46be-879d-d6007509f695
16046228731,60334478-e676-421c-8619-357df1831de5
19979401812,8e5ce2ef-0285-4a26-8859-41fe170fc56c
12830394478,1a2a07d0-42e2-4c89-a074-9118f1f196e0
11728850562,2cd841a5-97e2-40a9-9a02-fc1d3f4b317d
19510431585,a33c17e3-3e1a-426d-aaa9-2cc8cbce1b56
16362292969,af1cda90-dadb-471d-979c-61e18fba604e
17720406010,88ebd1b4-e3c2-4f94-9260-e4ece72a5952
19517774535,a4a3f24d-77f0-4981-a29c-c89650b06527
12334760043,8ad454f0-3244-4337-8096-5fcd4c52f9e2
12113482890,df3d2b00-132a-4409-8b88-cb38c2381633
16196719505,b17db142-da65-4c21-a467-79fa51f19da1
18275575186,690d6f65-38e3-40e1-b5bd-b8c4cfc60674
19679571324,5b91b686-515f-4a49-a6c4-5cbe79718c35
13611327261,67f951ad-9cd0-4be9-804b-96c08e2782ba
14527614242,e5590cb1-525b-417e-ae79-2e624eb2a873
12986070120,c0ada30a-d9e6-4fa6-a038-9be3df6f3d2d
12702826478,d1b3f2c8-f1d6-4b5c-b90c-463e5508a393
16099546332,65ff254a-7de1-4fb8-901c-71f293850ca8
13623012726,51ea9703-dbf4-43e9-819d-6fa1757109bc
16370726924,c8db9896-937d-45c7-8ccc-96a4e2bcd4ba
12189037959,c5b003e7-2b09-4c5e-83f4-7ab4c372ceda
11711998126,03fdd81f-8935-4916-994c-9932f2e97210
12781930955,e0f59ff9-6d75-407f-ae68-672e4f55927c
16920608893,a89711ed-86de-408c-bdda-2d18409ae866
14845828380,316d5521-fefb-448f-92ec-adb4b392a7f3
14722579130,a3b8e3cc-1ab6-4893-ace6-c2cede22f504
14531350929,ca37e43a-c037-42c3-93e0-6a59c44b1f8e
17244835707,9d3a23d8-e9ac-4813-9d70-4ab83072da0e
11988711361,f04c739a-9183-4587-ac17-2f26c9f01b88
19624534732,7bffa3ad-a5ca-4c59-885c-875d873bb035
16734706431,827d3f4c-d763-4998-9d49-ab8ee5d2594c
18852551139,38cecdd3-ba28-43e5-be11-ab1d375b8249
12464109550,197b3482-eaba-466a-87b3-e6746e101528
15320633450,b1f3ce8a-9ef5-4452-a8a1-dd91a9766665
11851750076,9691b6fd-4879-4f6d-b791-798d996c84ea
13059312786,28a0fafc-a0fa-4f8b-884d-f2355c828de6
13452535590,c4b489c7-349b-459d-a8c4-32c8a1fa149b
19709885476,510aad5e-a912-4970-927b-3b3fc95cd9e5
12379624783,ca72bb5f-5b0b-4cf9-a406-cdcd318653e9
15707857175,e5e8a05f-fe61-4eae-b3aa-9129238c3496
12655683759,8073efbf-c895-4443-8bc2-9a1b39920032
17579912158,5ef15f80-77b5-4d65-a24e-69459e9244e7
12378622623,7e535f3f-891e-4c0f-9cec-5ab37e62d279
11508758025,29a88ae5-aaa3-4082-827c-4b0ff74fce70
19131438710,a41021ca-7e64-4514-bc3d-09c50fb79959
11857368779,0ae6a10f-2aff-4858-be90-91ebcabc2691
18574720798,8d226465-a7a6-4920-a1a5-d3cf3e8977b9
13421451070,9afe349c-d7ca-4bdf-94c9-b910534954dc
12143732162,912bb4ac-45da-46d6-aa61-6c8e20247861
18664495036,fe64dcfa-3f1b-44c1-8a61-4fe3cd9b117f
19499093029,1634d346-b08c-4021-8857-a59079290865
12064994454,54b2808a-a3ac-42b4-a4af-b7ffde7485e3
11286071506,b1832255-f3e0-4f43-9250-8eb448761526
17609826438,2e89af79-8786-43fa-86ea-8f4c7a3b0ea8
17677696188,a64a7050-55b8-4558-86f9-fcf8497a0642
15704493187,39ca4069-be79-495c-87ef-d00c5537f662
12802672155,9f687a33-492d-4606-9a8a-3b181b75bab9
11337934242,6630d404-613d-4f8a-9db0-404ffe5e7ea3
15536523542,b8ed7c4e-2dd2-4c24-a720-3152f468f400
19772569160,5958c6c8-bf23-4592-abd6-d8ec7a8ad741
16682846204,24855b5c-4679-4f00-82e0-568a5c2dea31
11645311277,a3e8be2a-2f63-4a87-8106-49816eaeb127
14693640634,803ab23c-d856-4c33-8b50-478ecee07059
12541161400,d1e59677-7bd1-4ada-b3d8-bd8c5598729d
12348248185,e1e00b51-82ad-41c6-8db6-6d6f890b9e3f
17623193141,1c44a505-d17e-4434-8663-7991ea32a0dd
13131577628,451a1986-d34c-4095-adb4-9a0c16927212
14865881738,c48ae1f6-3df3-40f7-9e48-5f76a25ccf8f
14555295666,eb3299b8-db12-4a22-87a9-24ccaf0a6fde
14944714009,f9aa8fed-6d85-4937-8c49-4b3a65c1f332
12615126249,d59b4239-00b6-46be-a4ec-38f0f7c089d5
19213474005,4103c16e-bc21-4f18-ae33-a025ac1062e2
18148999970,e1e82d79-a71d-4dec-89e8-8150401a0f00
19317387958,8c034aa3-760b-440d-9121-fa6716241b8d
18963657635,516b1f4f-cab7-484b-ae5a-6f02843bed24
18918269530,c2bc4a1d-53b6-4fc0-aec9-1e1bed295d14
18845254831,330f4271-d7ee-4221-99f2-afd0db4fc10b
18163604330,cecf337b-b5fb-4186-a231-bd744eb15ffd
18819811326,52c08162-0688-4264-bcc5-4ed96a14f4cc
11511658519,43095197-c962-42dc-8777-f419a2d78c92
12267750189,d5d35695-9851-41db-9142-445ed3465fe1
16205665971,c3b9e157-9180-48e9-a7b2-e07159f1b59d
15724411329,0e35f830-5ea6-4ad9-8b24-09b009f8dc9d
17282126014,fb859c03-12ce-46b0-9cfd-3747cf46d376
12831294729,cdcbf58f-302e-4551-a529-dc905951d5cd
15725354010,7d4e57b9-43d7-4ad5-967a-316098dac4be
13014117044,fec6fdcc-2ec5-4c2d-9595-3c0345c11d3d
16738152249,d449841b-3f0f-4783-bd1d-2b8c727ddce9
17093686736,7680d207-c554-4d50-9d3e-8b43743e71d0
19258272594,32cb7d4f-e587-435d-bdf1-2e7002539577
14831319194,e5c7c126-f8bf-49a3-8f7a-dcf1ae53bee4
14521503137,b65becfd-e634-4149-aef1-7c8044376eb4
11179532426,b95724e2-3a9a-4e2a-9dde-88f877af7f6f
17069968893,65fdbe02-9d37-46f7-a895-3aa715c8729b
16122482143,e44989e9-00fa-4f13-8e7a-0b116f4bee85
18003846142,ef0ebe7c-f240-4c3d-a700-a17d299c37aa
11839274198,567c548f-4155-4fd7-bb26-da4deecf483e
19992893471,a08066b2-e61b-4309-9b41-35d3f41d3607
18631955881,70390399-787b-4b57-a6c9-87ab1b1b3f7f
19326502970,76d1dcc8-68f3-4a79-83af-c7da3b5f037c
14420403570,a96c1da9-8193-458d-bfdc-66cb6f797f77
16922154566,e7e8a136-7427-4bfa-80df-edbbb3c022ae
14899133454,981c5fc6-fa7e-4a01-9628-b6d7572cab34
16293234385,b52e6a10-5edc-4c7a-9b63-42b3f7fa7901
12119034370,f674d834-c90c-4796-833f-702c94ee238e
17499912390,edc3c60d-f1e3-4055-88f2-fbd52f9cf6c5
14975690364,54dd0e67-934e-4714-9985-92ba4826675e
16946151190,b656cf8f-b20f-4a95-8ad1-3913c0e187d1
19660328338,60c26a45-2e43-4298-a478-249be49faa92
13420274990,9bfc18e2-5001-42a0-88dd-134223fc6ad3
14560932723,c6d747e3-0d74-4630-a1d5-3b7382730de6
12930543224,46d995c8-79ef-495e-a0c7-c516273b4cf6
14933740590,ca52230a-7a8c-4f96-b95c-105022349362
13374740673,dc6be799-e4b9-4557-9b43-e26956613271
16182550076,2ffa4371-2e7d-4f5b-b0ca-f95cadeb24e3
13073347647,d564557c-37cd-46eb-ba6c-66c69ad401b2
16664325483,36c52572-fdb8-4b01-aebd-eef44f5c7009
14885324115,90eb1591-b00c-42bd-846d-5a20f4276c68
18645172498,fa57b9be-d883-46e0-b9c8-87d3d47adbff
16120626938,896f4b8d-9cda-47cc-92a4-e1c76b459e03
19903273749,ddadb27d-871a-40d6-8828-47f0e86c2f01
16900754346,53ab2bbd-6118-439f-93ac-7c4f640696cd
18864987696,fd05b537-3661-44d1-af57-54e27d1c0e3e
14245624472,541d986d-c62c-4e71-a691-c8cb6de8abbd
12711830903,5b2305ca-84e2-4402-bbe7-d7734bde7771
15405715620,86cf0f91-9857-40c8-a02e-d303ffc7e9b4
14336273074,8bc8899b-2b1a-457f-8801-21029e2d11db
11132089283,077ac09c-6ca8-4ebe-b0e3-086d65108415
18232177152,9ae9ea64-7d4e-4efa-81e3-a733ae86551c
13451737501,5ebb7b4b-80be-49f2-8f0a-e2047c5f04a6
16504369972,732c5f87-5ba1-4834-8360-a09a68c9a85b
19727601354,bb56f086-d3b6-46e3-8ea0-adb5e0db7a45
18406069443,7d9a8df3-ea8a-451f-8ffc-7cd00b5959e9
16815682096,f9df50d1-9afa-415f-a29c-499fa61bdc12
12105127389,77fc5188-9265-4d90-88a2-09d69b98f2fe
19813609214,527c8ed6-948c-472d-bed2-0de8bb19a828
17415521858,82306326-1299-4a83-8ef8-705e1213492a
15079235816,49b440a6-c1ad-4e5a-a07b-3623bd8ddb1e
15099655593,cbc02c2f-2107-4ec0-9323-2348aede294f
11044565283,16c9bd61-83ac-472a-8c8e-4b41eb8b523e
16467582572,2f1da528-b77a-4dd7-8f73-611f05b36e6c
14815830125,e72113df-a39e-47f3-8fe7-f69011b2abf5
14082609007,d4c22a86-e811-4848-9875-4a90f813d128
18965365166,fd4f8b3b-55b9-4598-b827-e7057df0a160
12198831740,8d32e216-fae0-4624-933f-b0c483eafaf2
17625550182,e24bb334-181b-43a6-9717-460b0eb108a6
13284048291,c3d77765-99ee-435b-b8af-da46a22eebc4
13966411873,b1f7ea39-aaef-4e9c-8565-d34a1b626f75
17283254204,903bfefc-a5a7-4f7e-a890-657a6f273ac8
18617251749,6df343a9-7999-4b3f-8796-43735fa28f7f
13999515701,014c28de-728e-459a-ade4-4a1f66bc821f
12177051650,ead10c53-b6ed-4faa-9557-f189ad761906
13878978988,c44f8a84-d1bc-4b7c-9af5-ee4235309836
18427206258,91cd12a4-cde3-4d47-a29f-570b14e28dc1
19722537156,9fb48017-0180-4604-95d1-e92b04f68265
18601255912,409ed87d-076e-47c1-a075-750ea132dbd6
11273905576,d709528f-6f9d-413e-b887-9d28b363f8c4
15097402774,b2d7b407-787a-49b6-9008-7352516738df
12983728183,827f901b-fc1d-420c-b7d3-764d5bd857a1
19854968703,29956ab0-d2bf-474d-96e2-63786c8aae77
19524135944,933ffc06-338d-47da-a44f-e68c5a4fc96d
15952058275,74dd9354-85ee-4436-a74e-3d07551180b7
13634214383,c8c8a7f8-994b-4552-9053-ec0c845ddb94
19498889915,5f0057fa-c25d-46c3-8dfd-d8db7721ebda
12274367270,2da31971-c964-4681-bf5e-41ae68f7aaeb
12620334222,1b7699e3-2990-4da2-95ab-817a5290664c
12843764421,ac7e8109-845f-4594-a8fc-0c45c7f83194
17083895131,b600eb5c-b997-43eb-993e-1e92ad7afd21
11416539040,c0b1faac-a13b-4ed1-ab6b-99369df186ff
18980710756,069ad9d9-4208-4ac7-9f6f-08e63f8b5366
14645218169,5191f066-5815-4e2f-a063-99d7683b3621
18514253456,8c12b8f7-6ad7-43af-998f-4528095d7498
11503784180,2f2f5faf-ca16-4d50-bad7-fbd48387ad3e
16525400896,d47667ca-dd56-4bfd-9665-26c862e3811b
13343769813,9c9be014-c743-4d37-93b4-d11ffa2eebf7
12773650532,fc4013a3-56ad-4c14-a075-4a9f83dd76c3
12101661593,796f90f8-f3d6-4b0e-96ca-6b7118269262
11657176813,05264559-9f52-4102-a655-391c81d4a749
18593211183,b91d6ddd-34b0-43c2-87b8-981c47deb7c2
12412168511,52b9a923-15b8-407c-be9e-3831937ce2b9
17823574351,97824e6f-4798-4335-b1bc-f51b3cdeafa0
12204479870,f0438816-3ff2-499e-9cda-48e1114beee0
11600807237,557cbca4-9cf4-4bb9-a036-02f7548a883e
14040887959,7e378796-eab4-4ebc-a691-d9bc63dd3a2e
17480194389,4d2d0fe4-4d44-4b12-a5f5-b4251a7253bf
18578302969,a06369d8-cd94-4035-83a9-f56f4d97cea8
12973356045,8778b54c-ea16-4f09-aa98-9692b3b9db15
13379040102,c71d8d6e-4e7a-4d12-b9e4-ad7f8c57ae1a
16601731993,b6e8936e-4dfd-436f-8f38-cae30a8e34c1
17349982931,f30ae556-eb3a-442c-b1f7-c8b46d386968
19808723081,4479e0e6-c7ed-46a4-9af8-bb1bbc1116a2
19012558348,5b423f15-5c78-419c-8074-a32e52155f56
16073051393,4c438864-922f-4406-9cb4-a15231d28e1d
11944916197,adfe3504-ca9c-4003-917b-b8dba12657bd
17292852282,779cbf4f-2e8d-426d-b76f-3da2ee49c396
19129566439,9dbdb808-575f-4a21-bed5-42c869782f74
13805560909,3c5015e5-4fc9-4eef-b1a7-9e2d985ed2ad
13576559246,79f5ac2d-c6a6-43b4-a2fc-dbdb9f738ca6
14796692080,d1016458-ee56-4da9-8321-ac320e9221f4
11933964601,b2f9cca7-dde4-4ee3-8799-029f9863a303
17769573686,2b3b10ce-0254-438f-87a2-bab03e7a9103
17744155109,e35ba1ec-ee41-487d-bf80-f04c02e3e8a6
13119993174,181092c6-f09d-434d-952c-5e5172f06104
19527450482,86422fd8-843b-4f82-a262-fe696cccbc61
14867683943,efe366d2-42e9-4f8d-a332-27157f62b776
14817796905,2699558c-028a-4155-817c-8bba00e8d6a5
18559456877,9be379b0-3ced-41df-be4f-edfe1ec2d01f
18671530220,baa72921-aeac-4608-a208-cb6b90f10c5a
11088670522,5cb1d61b-cdb4-4b65-b4cf-b78423b78bbc
13572050485,4de42dcb-7d9f-4d1b-b320-ee772ae61d9a
19354085902,6b0e4c18-27c5-4692-9b83-8190a2bc6aa7
12335489534,38bc32b1-6bee-4b2a-92f1-787d860463f1
19615353500,04f69406-3ef5-4e66-8115-1e01d17b86e2
16709763280,09acd675-f399-401b-832f-e28c81fbe728
17761610138,da935b97-5ace-4c7f-8910-c3dd81868f7b
14544739857,926fb687-1a6c-4ab3-89bf-96054d49bbb9
17415677866,0e1a7d71-d60e-42b7-b825-872d8a553e95
16268637376,6881f114-b4f7-4ecb-a0c3-220ef1226e7c
13091888020,3ea81fe5-5559-4302-95df-05646ffb9d86
17485617837,0df98c88-2f80-46cc-8186-56a584bf13c2
17461917770,1c80c2e3-17b1-4d56-b2b7-b6343c0f4842
11012030953,a8212777-5ec3-4cc0-935e-86a0fe60ec70
19260120619,abc8d4f4-bd1b-4e6a-8961-70fab1674428
13824625239,79222084-0e68-407c-b322-2b85edb59952
18005378596,e0fad51d-6300-40cc-ae4e-176d9fed379b
18373995424,466e9f95-a4b8-4a62-b724-afcc8d928f72
13762033259,af2ac12a-107a-48c5-913f-9f4b40f7fc52
12744457997,0c1a5d3c-734f-4fe1-9451-7c184f555882
19410241819,5b4a2673-5f4f-4696-a139-02c2848812b3
17749700821,07a7e606-98c4-49c7-8c95-f0f75a4552f3
14634502010,3fd49d63-1d66-4e73-a87e-0eb6722eacd3
15320935773,8cfe8852-3f3b-4061-be8d-887fa133db8f
11318583634,df698ac5-861d-4548-a0d6-52ebf99c5cff
18703827705,806e0ca4-0d0b-49a6-80f3-1699a44c69ee
14264258842,ab7199c2-3d42-4251-83ab-e0b68238e7f6
11853490408,8fc75a49-5705-45b9-9ef6-213d9cf2178f
18510548984,9ed649af-a866-4dfa-b704-203c1630da27
11219816010,e18ad854-94f6-4f9d-8598-c48920b0ae92
12850115192,45b28069-92e3-4448-937c-309bd14334c9
14371976477,68b11890-6c7d-4a3d-848c-9d6fec283761
19809547634,7cc8e936-c6b1-4285-b800-fc21b49ba43a
11224007905,0dcb49bb-0dbb-44d9-a305-0fc2d84a441b
12280884280,c99399f0-2a1b-47af-a303-ac20c5ebe50c
19479633369,f6f7d1db-e9ed-484c-8d37-812e7a3a70fd
12578239225,f6471f53-7840-4cad-bc5a-5662280cca67
13009305899,68488266-e4e8-44f6-b840-2a9e5e5c39db
11548889558,ab214859-5132-417e-b4de-f2f38f5afcf7
18692872020,6ed5b558-e81b-4423-a622-69a23288c39e
18545165748,31fab92e-14be-484c-88c3-299231d7e6a5
12266849415,b3871dd9-d827-41a9-80fb-dfa7e5298516
14587706492,bc3195d4-e938-4d32-91d2-eab465e5238c
17898676008,72450965-3e21-4489-a006-526da6779c23
18953592874,1aaf73a4-ff0e-4ec1-ae49-a8038f371b61
17309282063,02ffaa87-7d6b-4eb5-8972-fc203ef6d5c1
13384614278,78194a25-5f26-45b3-be87-afc552239bc7
18518880030,c624d618-3eed-4135-a545-1e42f91e73e3
11015956020,87abdf56-3e14-4234-a11b-990c5ad9f064
16629028297,3c82e2b5-008f-400e-a854-0a69e7c9d1cb
14142964134,b064b5a1-4173-4230-a106-72f652cd0cab
11371085100,3185cb96-47bb-4c8d-b577-bc43c95de34a
11056535404,694d42b7-cf25-429c-8ca7-419a27279667
18387300049,8da2001f-7229-48c2-b74e-e4425bbd0505
18341169453,57d44e13-2071-4e2a-8bfb-dec3c719188e
14766977454,dcaf8452-1dc5-4bbd-b2f3-c2fa44eafda3
19797259776,3a6bcc5e-2839-4bf5-86ef-6afddcaccc64
18065752181,bf11b569-f238-44ff-901d-85dbc7c19b16
17542905705,23be2bf0-c511-4680-8be9-d830ee480ad2
11836992936,98058290-7b49-4c0e-9d3e-a14bedbbe9cf
16487906838,e321548f-ff06-43ab-a6c2-66521a7d9721
16957098268,2b86f5b8-111f-4066-8c36-7c677098eefb
16048157324,cf1308cf-9a0a-4c22-92d7-adf922ab13af
11063300733,3a66739d-0340-4def-9ea2-0a900febb7e3
14600010503,3df7e30e-8b95-4150-9c51-4a1c866c45cd
18434363029,39b4e0ab-9b08-4352-b303-7742f8126c90
16159893746,f1f2fb9f-163d-47c4-83a2-83738c4445ec
16690022597,e493eab6-29ee-41a2-b6db-ad0ae1142a4f
16154620995,54d4b485-c021-4897-8c52-da36dc661f4b
14031973169,59a1c721-7b36-4615-9122-6e2b62c28689
17694003296,a8b8bdcc-8639-4dc7-9a3b-cc9a7513e47b
19291565052,415ff425-c6a7-401f-abfd-032d206cc64e
13902932046,23dbb2b4-edc4-416d-8a48-4f026a03623b
14901300129,42d08f53-6697-477b-83ef-74c2438145cb
17503980878,6411ddd2-b6bf-444e-b020-f621e2980da3
14123242097,f66be4f9-8e50-4bdb-9fb0-05142346490e
16887269356,3399c603-2123-481b-8c0e-f3858de7895f
11306955711,afd5bb17-8052-44e0-a746-b3d7e23d256d
18402999006,3631bdc1-be7c-498c-accc-abdcdb0c8a9b
14252126590,36aa9aa3-3c1b-41e8-a76f-21fe339119b7
11321048694,2790efd1-f592-4a6f-bf3c-98f135103f1f
13149973856,366f2031-142e-495f-ab05-1ce86d24b0ea
12670239971,6fd40eaa-bf46-44d7-9f02-d5d9944d6c75
19223008658,af0854e5-99a5-40a7-b505-3e77f10cff11
18134406171,f3acd016-5be6-4cd5-bc4b-704a5e72a76a
12894087815,a9ab33d5-c90c-4b93-900c-8532891b61d1
18111045451,edf113a5-2773-4d4d-9f5e-f2997b2e7aa6
12065298784,f03e663e-93ad-4f5d-b9c4-0d7707f4f372
16936701181,802a9faa-4132-4b97-990e-1ba8d3a61738
19207017260,f7eff73e-4485-46ca-b607-189b77d957ad
15167926945,c341d375-3a5b-4283-a963-0ee71eb77d3c
17847438157,7fe62819-b47f-45aa-9a39-ea240bc5bdf5
13095109213,e70d8ab3-360a-468a-a7be-e125a16bc278
14194196610,1ca2f97d-3211-4d44-9d71-4c51b9b06997
16726314907,49f737bc-a2e9-4ca5-86c0-c4bcda158991
13701340218,7594c731-4ffb-4831-8b8c-4099724ab636
19069758028,09633c0a-5779-48ed-ba93-bbafa651776f
18054402253,fb141a57-f186-4eb4-a649-71c7d5f96dab
12575722218,0328c0c8-3009-4c62-990a-daaafb37e1ac
19671928216,078a32c6-0c70-496d-b9fc-d15cdb05865c
11731525892,74b9b7fe-f81d-4af0-b04b-dc85ccaf100a
12303263364,166c0b02-2a7f-4dc9-a281-a7027f320dda
17806307222,9712d418-0d68-4c29-b5d9-860bd14910e4
12686141719,e693129c-29b9-4f0b-ba8a-6914d605f7a8
17292443285,5fea315e-0cb8-421f-a52b-fd3d4b4ea3b8
12882215280,2548ce49-5e53-42ef-92c8-40c5cfad1f60
18318687064,ec5287ad-66a3-4676-8d7a-16f6c8c8072e
12964699410,79465161-a63f-4e31-9376-7d4488db40aa
15608005025,4f876eb0-3722-4d37-9e50-7cac4fc08cd4
12809623317,a2ab1cc1-aca2-4766-b695-964db5fbe8a1
17874656019,3204fde5-a45c-4be5-baad-c4ae26fb1348
18045361078,28645c63-1b3b-4933-969c-7d1c622a12a0
13997312323,d83ed12f-3a3b-4882-bb14-9c1b880216c9
18228401217,9b5010a5-93cd-43f0-bb75-489f46e21bcd
16878557651,24b75e74-6e63-492e-a2dd-6d514f182c4f
17503819619,d1cbe3ff-c9ca-47aa-a1ec-c04dd96fb168
17671688741,0b68a1d5-6baf-450e-a41a-0d5a4fd1bc94
14353207893,615c4fbe-dd6d-4360-b1c7-2adbd6b0b932
11901374918,68cd558c-8f99-4c89-9abb-d72c63937db6
17688178278,d3eea6ab-5c94-450c-92bc-931691f7ecb6
11278507170,d86181b8-3ea1-4c69-ba75-c05a23b10785
16548361046,c33fb137-75ba-4de9-9a8f-606f9ce1cd85
17011946902,af3dc880-1b4d-4917-b506-57aaff541dee
19075864933,3128ccf9-6653-412c-84fb-218eb5b98c27
13674902125,afa6caeb-4976-4462-a651-87b89c90b637
12491949718,eccd8b27-16eb-41b7-bfd0-17daae9e3bb5
19215475863,12a74f6b-48f7-4e86-a0c5-a2896672d121
13738161853,49b737b2-d9e8-4904-9c89-10a26488ccfc
19183330170,e5bb375e-91fd-42c5-aa4d-12018160c5a2
15441616871,2001cd50-6de0-45c9-8f39-c4b0cba9a7fc
18714619852,ff40b9e6-f75e-4d43-9dee-2a7c212feb0f
14281493118,f24b00eb-d7ea-4c83-b536-b5dd313a90b7
11818405300,7d680138-da9b-4baf-8f93-40684ab3f8c3
11822234685,08a26a0e-81db-4a73-8bac-d0f862b4d744
15669381013,b09fc75a-5c34-4eb9-8418-73caf50009ae
14526188600,1d6e5cd3-bca8-406d-9942-735a2abe80d2
14317590015,6c3a39a0-23ef-4e65-8911-8cdd396a716e
16367881626,e33834ed-2ff2-4fd6-8e59-866856b4357f
19888204802,4e92ed72-a076-42c4-b6ea-bbe01f6d858a
17575757338,307fc0cc-791f-430a-8e5d-726825e3f915
15124613396,fccb7de7-b5e2-4e2c-afca-207c728ba02c
12151994164,97b157b7-a02c-43b4-b3da-9b545e427b2f
12913665316,57ad9c82-d03f-473d-b752-24d4ef72f745
12390086662,627d8a1b-4f69-4f46-909b-ca5d49bb92a2
17902011794,d7ba38d0-1fe0-4df7-9560-078bc9d1127c
12096912928,9def736f-f3df-430a-9c82-dc1337db6951
18731555959,ec60912a-9ea7-48a0-9e4d-602b0f5d567e
14229784079,396c68c8-2152-4386-9efd-b04b74dd85a7
12943398853,1eab7768-fc49-4ae5-8523-97915a641a6b
19660314395,6d54c1ea-2190-48ca-a6ca-cd979e4ec22e
11431180274,d145ff0d-4e5f-407f-96f2-b7b0453a8689
14558482490,bb389dd0-75d2-446f-b2d2-c55363cedc3e
16719056291,ad5853f6-e566-49ef-bf7f-0475b3346e1a
18182054551,d368d299-9a79-401a-9937-053bfab372ca
14797523863,f4d72aaa-9969-4973-8e22-86b1bc20bad6
14736908936,f71c1721-c20b-4d6d-bdd3-553a924a0051
14324665487,4d2d8192-bc23-4c15-9085-dc26b0752d20
18489703382,fb7c2883-493c-4350-af33-60bbef73000a
17243021506,c60dccc2-e459-45bc-ba21-a76b8a57a01a
12685369756,d418f172-b845-497a-b918-8c5c51062e8e
19404766657,af2b1b4a-04a0-4fcf-9834-8c171813755d
16212790517,39a88af2-a286-4518-955b-d5ba75718c40
12864148673,84904706-0be6-472a-812f-45435d13bb8c
11286061221,6ff2abd1-9ebf-4fd3-956d-839ee1700f13
13621387072,4c7cd762-f168-453f-8ad0-66d486f0e7e8
16271440139,054b194c-abc9-485e-b6a9-2da8d496b95c
15788854981,717bdb14-4620-4fa4-bbc1-292f6b545d7a
12224644446,0a823d05-f4e6-4d52-8b77-91b53592c486
18992418713,ffd5bee8-cd60-4b83-83ba-6bf6a788ddb7
17636863316,4aeb764e-70af-4433-8f52-af4574516cf4
16556673688,3344fdaa-44b0-479d-b847-0fbec947283d
17084023188,690da7ba-fccb-4e28-b5e8-eb97bf31f8be
16841597079,364fafa7-3aab-46fe-b243-f156d8440e04
11458697628,17bf71f9-e96d-453a-afbd-398037be3ac3
16825636588,e3e907da-faa3-44d9-98e2-8fc91135c099
19245472112,10f35ba7-a3cd-475e-8e71-4f25ac871307
11365589044,e4db59ab-c0d9-4405-b3d0-f866442475e1
16195979395,4e000e89-7c2b-470b-a6b6-913c3572ff08
15531677351,4ebb9bc8-40bf-447a-bb80-f245a6ac2305
18034583234,d5b10eca-54f2-4673-8215-e72998820771
12967022930,aef55a61-c1ad-4776-91ee-3bbd06feef35
19895688307,f897ff58-8091-4724-8f04-d993d625a5a4
12049053507,0910d7da-dcb7-4ea7-9ca2-0156d1e7150f
12544858231,6b699ac0-315a-4c59-a4a6-02dff1436d46
13072576021,be35608e-31b2-4b1d-934b-e7320098ab21
18070132529,024634e9-c2a0-4c67-940b-695edb95fccb
14259762218,1f4f844d-1c02-4051-8e10-85f1914887f8
15894309249,67028789-5d5c-43dc-930e-45da900a051b
19120271446,38c26c20-4d38-43ff-8b98-0c7ad5ac4e2f
16422134089,f8dc9d5c-1d95-452e-a173-242b77a2a4ec
13738708236,bd7fb0b9-d813-42dd-aee3-b7f49cb93921
12704499200,36e8695d-994b-4249-b315-7df199af612a
11977909624,4ddf7222-ade2-4948-97d8-5f87ca26a6c6
11284057009,568c9149-6f27-42c8-92e1-5909569cf70d
16722142158,a303110c-534b-4667-985f-960dbe791347
15195602831,a0fd83be-92c7-4e7a-a1cd-1504b5d759dc
19069855390,22bb6eb0-de05-43a8-8416-e81ec2865914
14937029491,0c63eaef-1e82-49e6-8b44-1c3e48ca338b
12906347404,badb01c1-2c33-41aa-86fb-e95343ba063e
11810896453,4a48bef5-115b-4747-931d-462ad47352f0
11889922102,a347eb41-9e1c-4e31-8659-cd9c226c87a0
16245398201,5129a641-928b-401c-9aae-46c89a108339
16082564969,4db73094-ede2-4eac-acae-c878dd3355ce
13595822512,b4b6faba-d393-4d2d-82f6-957bdb5f2b47
11029811207,92f08f6a-95df-427c-bad9-0d557281c636
15512887131,dc829dc1-ff3a-4eae-87c1-f6c51c4d59cc
11533581721,a4c8ae6e-6017-4a65-81de-7985799c0987
17059015608,07267203-03b3-438c-bd55-c8e2dbfdd189
18445695914,155c4066-2c33-4e3a-98ed-258c657115af
15797634902,bb961567-120e-45bc-85af-d955b778f99e
15393766809,4b96c353-0faa-4425-bbae-5281d9d9d69b
14128754255,f26f48ef-8fdc-4873-b339-dc5dc6165c7a
16101741658,2e120b8b-7444-453a-9d21-395269d76355
15783813667,47c95ef3-9dba-4de8-8ebb-2565cb44408b
13922242170,e0c608e9-7383-4f28-8684-9654962f1db7
18447706164,b6d696f1-9856-41d6-ad3d-585d0a1edc41
14200082191,6b5736c7-46b6-46fe-abb4-57fceefdca7e
15481165355,495a5488-765a-4309-8d2c-853b9df58ba6
13467445084,b8fbb086-2c7a-4bda-8a5c-1a9e982c880a
17194569138,606a8151-0315-4629-95b1-147c55570dda
18171412370,b2538225-548e-4a81-b59c-6d3cf7c51e46
12818347345,c40c0124-4f3c-433d-bb0d-f12732bcbe26
16631420411,8cb8b14b-0665-4f52-842a-05777ceeaf58
17653034072,a208d3c0-a65c-497d-b1f6-1f20b269845f
11669003094,c2ce8aec-6c94-4b88-aae6-0e3a1f7fc3ba
14163604068,74d8d0f3-5e38-427c-b1b1-604ce8d94897
13922313106,5beec239-95cb-46d1-8229-47a34146229f
15726913033,b08c123e-2523-443e-bb4a-78eb2edbdacb
14724199366,2ec29f06-d0f4-494b-9703-d999c21ff971
14205271306,fddb01f4-8a1b-41dd-b09d-52af7aabc501
18596408773,e3ebdc56-3659-4692-b434-594b14356ab6
13578272013,ea422495-2f29-4d92-bdcd-4eadf1e4caa7
12388915899,c30cd98b-d4e9-46cc-ae92-d8feb3bd12c8
11300854657,41512049-f984-4918-810b-6858b62019b2
13674507994,f57f4fbf-3cb9-4160-be10-38afa3b912d8
17546574328,d00ced34-7c7a-4ce6-ace7-b93eabe700be
11762502080,6dd233d8-24e9-4251-bee1-10b5b7cbfff6
15529619112,21aa966f-6262-409d-ad19-04d4c5e535d9
11719085670,4d33ea46-529b-4ae4-b349-a1dc8aa0da6e
17440470566,8cf6eaa4-e4cb-4799-94bf-ea177d1e526b
18349720405,fe2cf546-95ff-48d9-b9a2-d2002f2b4369
19260535284,e4057a44-a6e2-4e90-8e21-23fded4fdbbc
13194917444,0e4605ed-d33d-4f70-a8b6-fef75968b73b
12646517737,ac39ac51-04f6-48f3-b311-ef443429fdbb
12991796561,1b4e9cd5-9725-43ce-8065-e8bac7e0b393
19725824261,3c30ab13-83e9-4801-8c90-1904550f8f3b
15418578399,77604dac-c835-4e8e-9a18-62535c5fe795
19215987260,3c76cd08-9371-4450-a9e3-f466549d3824
12868740805,6e761221-4ab0-4119-b6c0-6024c781444d
15644228144,c6a692c1-c9ad-4164-9e5c-01d842e1939a
17519655097,fe635341-c81b-4f91-a127-43da61e29d34
12363593867,0fd9c2a3-c6aa-4089-bda3-0786c5e21177
17983752103,60d63d50-0cb8-48da-af56-48c9a935b40f
14418486844,95a1d2ff-541d-405f-b79a-064971c98675
16790244149,2f2e2439-f38a-4281-ace5-d2cddccbfe29
16847172597,62a361f3-b253-4c1e-a42a-6320f3fabe4a
11232700643,aeca5e1e-afc3-4ec8-9e81-cf82d83cc12d
11244068344,273fce37-3079-43c9-affe-8b736108b816
18167687911,94f57ac1-409e-4199-9817-82929d9031a1
17859247060,3f265651-2c0c-4e6f-a2df-8bebdc9125b5
12603089386,4548dbb7-205f-4463-a774-8c37274183ff
14302598275,1dd40cb3-0dbc-4c39-ba0e-07b4531a78ab
13415760158,d66ef6f4-ccc3-4f42-8970-6599e2d927d1
15166613575,04b0f887-ab5c-4270-ac90-edf091d33104
14030706212,4c572e83-5412-4235-8361-030702e6b7de
11700532860,f6ce727c-15b3-4696-857b-1ee7b880fe21
15648581802,220ace85-238e-46ca-b9d2-b9e45cf196c7
14146035917,65b20fd2-8dd5-4ca6-a060-647175f92d42
16259979595,dd9601e1-740b-4d16-a3f7-4815eff54624
18690575481,c99c7762-30a0-4190-8b26-0bfaf57ed9cf
19949925640,71bfc9ff-55d8-42a6-9098-f527af204a47
17945546134,c8aa00bd-07c1-4684-be77-20193d47ce4d
11702252835,c518f994-3c52-4607-b5a4-20b8ec8349e0
17174471725,333d4405-e356-4b01-a2f3-ec94de82e716
13599273208,dc7af89c-32a8-402c-9c6b-4af44d8a692c
17631983498,30218dbd-38cf-419e-bf70-85f70911d67c
18443745476,9adb3d16-f792-471b-b0e3-cd3a439eb27a
16199675174,caaa3247-ac54-4dfc-9002-bd1d1dc43c05
15970562086,e1cba7c9-603d-46fd-a477-1842d90c829c
12550702393,cd3a1c2b-df4b-48b5-b4ad-f0367b9aaae0
14704010588,3f5a4762-2857-47b9-90f1-bf0349323b49
14281106356,c44e565d-5285-4893-94c3-7db7ff7452e5
13906615407,6a6e2674-06e5-441f-9c03-e518a3268cd8
16915580602,54cad09f-be63-4a2c-942c-dd2ffe4ecf26
18133755088,8f934801-5368-453f-954c-cb5370bf2f1f
18506286778,9388b897-aa6f-4b23-86f5-0f020805a2aa
13669744548,75372455-3f5f-43ef-8e5a-0b508d6dd9b0
17805146442,7887de40-1e58-4ec0-8593-64d5a8b0610e
15616708243,90716d2b-0dd5-4e07-8a49-4bd931fb4f3b
15784915250,8cee62e2-19ad-4b65-b307-c7568b492e39
19194886224,ca50b6e3-3f71-43b4-95ab-20f73d997db0
13118471470,6890eaab-238b-44a8-90bd-36d347f06d50
15194016210,d2a28178-546f-4fe1-9e91-d2821edc9d09
17999038852,398e5ba6-1bda-432f-81b3-048cdc0f7c6a
13727869217,82ef50d6-54a6-4b45-a41a-4ffca292efd8
18026180015,592bf585-8443-460a-872a-ba9be0ee41a1
16549236342,ef9a8413-33a1-48e8-af35-da7dcb0d5aa5
18744925739,9aad6169-cb31-4b5e-a80c-3ca1f004a9be
13229716142,5df34c77-bd01-4650-ad12-b0c359123ae3
18404051923,b5c73ed2-bed4-43da-9b61-907179061efc
17418968490,a0202b31-a93f-4e0a-8ab2-9283474fbf3b
17093512985,6017109c-0781-4c57-a4b1-d21108f199f5
16176749605,d840e95f-258a-4dbd-8331-4a97278b7e58
13983896185,d7a9e318-142d-405a-a73d-7036b3fcdd26
16105602871,b1890b62-319b-4376-8ecc-26461db6a3f8
18593658463,93bb483e-23a8-4aaf-bafc-b859e1941cd7
14964028854,556987d9-6416-4830-9a02-028a66139e29
11564738055,74383ac6-7ebc-472d-9470-efed7d254d1f
19303627663,581267b2-b8ab-4517-afd5-12da5bf28fb7
17672778783,4814de2f-d0d0-477f-af6b-fd4d2c00ee77
15635758561,970c5cfe-daaf-4eec-9eb6-cd11fccc7a23
16453773779,243c5c75-8251-4bfd-9cca-8351dcc21dcc
13628619035,e1133967-e5ea-4f84-a219-7923231dcf90
11628221445,876c1157-52d1-4c2f-a9a4-a3f42d9e9df4
18825626858,59a37477-4fa4-492c-a1de-8c350d7a242e
17208663664,86388e0f-30be-4cdc-b3cd-fa5a139e4323
11814795757,8786673f-6286-4c84-b4c7-c0d0fa7e0eae
12180793874,1a3e2a9e-5344-48cb-85a0-bbff9619b48a
17574147090,0dbd3ead-f948-4fcf-9893-3b5e1437fc02
15808749536,71df4062-c59c-4b44-be1d-1c33974e5d5a
14585127223,0aeac0a6-38a6-4436-8b36-c55f89bf15ca
15958135826,b3df68b2-d8e6-4636-848e-589dc2aa2cbf
19715536771,b06d3ded-f243-4968-a3b2-78baafec12c5
11906591291,20106b09-b7a8-43c0-9d29-fbe01fc93705
18331371147,5e94a943-d590-477b-ac10-7d84e8748ff1
13222731234,046703ac-40ef-4194-b08e-b50019340757
19265653648,c73f45fb-dafb-4795-9ac1-f6a0c106f28f
15352328775,c4ff96eb-5033-4798-97b2-4686004075ca
11867820765,8e38452a-6299-4f4a-bc20-d77b4a99ecaf
12682023524,0575f045-7ba2-497e-8007-bf1b410ed0bf
12111417693,e92ac095-2b6d-465f-b99e-7e6704a89f29
11700479404,468987b9-ee97-44e7-9291-2f90e21920b5
17032085961,73e1fbed-c69e-4912-9fa6-b00c20371cdf
11829680259,8320e96e-570e-4216-9335-e954af634fcb
13470874140,bcf27fc8-a8c9-4883-8b56-f35f20b5046d
18370538128,e1e53ad7-ac1b-4c2e-b8a7-66b20ad63324
18604604465,db5bf78b-d7c6-4065-a109-3a8d8ba8aabd
12607819030,811fa394-604b-48ba-8a12-ed7d681d7418
11213695597,ff6ae00e-ac81-4f30-b0b9-65aff6df9fd6
12720134349,aa1fe98f-50ba-4f0a-a96a-806d5d63c2dc
17093412628,f9db6a71-1a17-44e2-b9ad-d4661d1f7bd8
18184606792,b6cf39eb-92ae-45e7-9108-36880d51e95b
17912010037,1cbc3c3c-d6d3-48ea-83fc-134450c8b0e9
11268359932,4c309698-fd40-48d8-a914-81f584c09c7e
18922553994,85a51f2e-7415-45f3-bc31-7135a02c4be4
14314027592,83cf39c3-8d1a-4ec3-92ee-ad6c320d5d34
14112273400,32a22048-07cc-49ec-a4ab-507ccc31007e
12633249159,9ab26373-cf88-44fb-8a7c-7faa38c73471
18125059929,f001cca5-1306-4126-8a3b-a2993e9fe04e
15190959670,097c8a4b-70db-4959-983b-399ffe655627
19453162784,17d645f9-d385-49e7-b5cb-eaf647c3cd73
16006692045,6d5721fe-ca18-4f1a-93d9-2294fecb3510
17284183156,bcd038d5-0d2e-4e00-921d-58806765284b
17722770940,50acf255-2eb0-4b4c-a20f-7107a87b2eb0
19709196217,55c9c29f-b98b-47ce-b098-9f6d8652017f
14933944612,073c66ab-33c0-42af-96bd-c93c14233ea9
19401015966,e6cd14f5-7536-4efd-b87f-95067e6964c6
12444761027,d028a155-3d14-4b69-8caa-034231da96e1
17919429673,60bec40a-17a5-4aef-816f-b340bc17ba41
11627909924,d04667a1-4d26-4d4c-87f6-1abebb08f617
19330462675,f1306c2c-8f05-460c-a142-de29a3712d34
12005459178,0faf1a25-deab-4360-8200-83da050c980b
18532820214,9a745a9e-4a5e-4e67-8fe4-5f13487f8091
16727201491,a34e9f77-15c0-40fc-961e-fa2925504e79
18878169825,3244f3bf-aa07-48ad-a352-1fb7f742c0f5
11138636054,3c85da4f-e424-4aee-8712-0c35c2cc8705
19547538761,f2232bf4-439e-44f3-8de7-2e785a3c2659
19437144597,6fc9d9fb-828b-4631-bbc4-2ef531a2b250
12942549271,7b27cf16-93e9-415a-9939-941725b827de
17025090874,ac87474e-1cbd-4f9f-82db-50fe37a7c6a0
14188397937,9f6be732-a5aa-4c85-9bed-09afb9a7864c
15709358268,eb0afa6c-d073-459b-862e-8c60d3448c10
18801502510,c07f6340-8d27-49e4-bdfa-843f4f587ef1
11017412910,4b5328b0-f802-4d9c-b6f4-2b6beece554f
16647552724,ea5ec421-565e-4a56-85f5-bd4bd267b0e0
16361403642,74fe38e3-4038-4204-80db-110f6302f0d7
12750229257,81d62903-e444-4093-a8c6-2d63e1c348a0
19409833212,16901230-fb6e-4788-bdb6-7a892fd5c20e
12194471997,d5086a64-3d33-4dae-8eb2-697804bfce41
19641858279,f971c66f-fb20-4eb5-abca-b39eb5156606
18177780075,444d63ce-1287-43b5-95db-ff55c26400a6
18073084846,f726b126-0a35-4c69-9f9b-1dc075400a66
17692059959,38e5acb9-31c8-43ea-b643-96182dfbdd8a
18795503455,920c3293-8e6d-4952-89cf-6501103d217f
14190078377,6c128160-dacd-4a41-a325-89e868c85978
12830783564,af2c8cdb-f5ec-45c4-ac1b-3d20d59499c1
12933652878,68fe4543-1591-4351-8d6a-cc53da6dd394
14814571488,e23f6363-f295-4563-a33a-a9e304db8816
16678652004,4ab73c10-060e-498a-9548-c5c57512c66e
17344969349,9163ac4f-1482-4ae9-85d1-6c68ebcacec5
14252124497,3f6215fe-88c9-4612-ac89-39ff07ebc973
19589967760,b439e19b-3581-4f8d-9d62-c38a6a93f6ce
18785099594,de17234a-c80b-4965-8894-90c433889f18
14924804680,af8b9d8c-5b28-4dd7-898f-2122759fd0a8
12792757934,ab487ce3-c28a-460b-a2d4-443919cf380e
17388530085,d82855c8-7202-4c14-840b-8eda2dd8b784
18176914000,7e776e64-5c67-4e29-8c21-697f5b71e807
16627214872,bbc7c0ae-3667-40f0-a6de-ddbe80eb6159
18608824402,8d7e1fb5-4e13-4481-85f3-d5b94027a15e
15702935913,6aeaa79e-a62c-4ac0-b558-4ffe7eb0b687
12674774686,8eee6cdd-e4b5-476a-b7cc-fe8c548620f5
14593372732,95361765-e2f2-4040-8e2b-870e08dda8f5
11347047888,66bdd8fc-264f-45b7-9043-cbd43d7bc00f
12628659902,edc063ff-2a0e-484c-bffa-2ca5815194da
15036553769,423975d0-5b21-4b94-96fd-ddccadb51f5d
16590104105,cddc7447-f3e4-49ba-a184-eecce996c722
15746385784,46e273ab-b9ee-4ff3-821d-721dfd225b4a
14050556778,d6c75d28-fea9-4b8b-839d-fb7e01cd2573
12793056341,5ad015f5-69e5-49ba-aced-395738d07d4d
15924784223,178ae589-6326-45cd-993d-d1df9f48b533
16408320326,b8885db3-4908-4d3a-af34-d34a5aaffb67
17493086200,5e5941f5-8221-428f-b1e7-f7938b8173d8
18188249509,03c53336-67bd-46d5-9cba-de59716f38a7
18418988936,ffeecdd3-c044-4107-a9e6-34174a3c9f9c
18940602696,cbc90ec8-8606-4299-9296-2f59c577b3b4
18310254114,3de9ae03-3b77-4257-ad43-84d8b8415be3
14335756392,961ea5d3-cd75-493f-96aa-e684724dd58c
11975373079,a81d2cd0-9886-4c63-9283-0461f711d134
17939164452,ca0a27c8-4727-49e1-98af-ff105049985b
12144885947,3145dd78-c3e4-4711-afaa-8c7db2afb985
16962958120,f40a3acd-889a-413a-9fe6-ff5ee15164a6
18576137116,ef7e35b4-d933-4815-90b7-51fb36411bef
18815056890,8e144c76-ba05-46de-b556-d618864dbc5c
12673378973,817739de-0283-49d8-bd48-a1e86da0dd25
17374588062,bc22a800-8f4f-4d82-b1a0-dcd3625b1a4b
12482946714,bbc9ad26-147a-431d-b90a-76bde47bf10e
17916561218,57d7ffe5-3699-49de-bfdd-7844d8b096af
15838597313,b53f0fbc-8d41-43a4-806d-b4da829cd60b
14691316388,eab47dc9-1732-4d9c-910f-2b04a33d9f7e
14598661968,4791a939-2330-429e-b100-a50334987e27
17674456355,9d2f6d87-c8b1-4381-9c02-6f920955d39a
19673560591,9a1160f6-916d-4b11-a590-988b48ba8c6f
11268728837,c24d6ea0-a346-4ad2-aaca-bede2cb13c58
11959000392,c706444c-c8e1-4279-8b82-5d97ceb5780f
12787371211,186b47f8-a5d8-4308-a5fb-64a09190d721
11260283478,a8975bfe-6e0d-49f4-881e-fc657caf04d5
12275774546,61292d3d-7c4f-4f51-bf50-d6e94b49aa8c
11399227306,863b99c5-d9d1-4636-9a96-1d9df40fc480
11849878936,77ba37af-bc4c-4d62-b11a-fa238128e3dd
12777999470,f36fc313-512f-438d-a887-b4c1f005430c
11923810778,7b8280da-8c9a-44a2-b1b2-19355d1246ff
19665193563,cc370825-31a8-45a1-86a0-6caadc2d4895
11932652060,e6bf792a-6d5b-4ccc-83be-4063709219df
18251341808,c90abb07-a6ec-4877-b2a0-02482720797f
12140911330,024590c1-09b6-4ee1-b3f2-f925ad56ad70
15736212448,f8c08683-a7d6-497d-8795-1786ea69ff1a
14645593760,13501cbe-bcd0-4202-8d3e-ee7b61bf22b6
13311069560,594136ce-27a7-4d42-9043-d160a8aeba53
14980927578,09b887d0-ef4f-47b7-ba9f-2dcce3168c26
11385344050,c6251cf6-a800-49d5-80da-e07f5f5730d8
17414253493,de07fd65-b225-4ed1-a2f2-57a4ac4165a0
17785143530,537997e0-f344-46de-a1cf-6ab38eb75553
16956471391,b41ec18f-f524-4b47-b7b1-a1ee5c58a2ba
16348893927,4e1b0ba2-473f-4247-b3f2-d78e12fda14d
11280891542,a78e5585-a35a-4d39-8fcf-c6b35ff3ad47
17753200835,581be863-40d4-4ccd-84f8-84931bcbfca2
19435816399,0353979a-5334-4464-a4cc-18d3f404e13b
13688495036,87de45e0-43e2-4802-9790-16f5437f1699
19316590747,9bf10de4-5098-4ef7-ba72-d5c69bcef932
19015321334,e5349ec0-5284-4442-81cf-089fe958d166
14080789309,56aa7fcb-0682-4d6f-ac96-7c62aa50dd5d
14079066617,7eb92be8-5c08-4fdc-9a87-0a8b324023a5
13213099878,959ba268-a644-4be6-af65-f91800d5115c
17015590168,2d39439f-3127-4e64-ac26-a8379acc98a4
14131286279,1830040e-2638-40b7-bbd4-860ab1e3f403
11233119719,6c6da42f-a9fc-4bf3-aaf1-56e0820cfdc7
16546259401,64410ae2-a0dc-4898-a1da-24ce7d9855d5
19997882081,46f68875-b025-44e0-b534-8a914912ee13
15260606188,1e6aaf34-5237-4ebb-96c5-0e74b1c72f4e
12676249468,3d65175b-e57a-4892-b939-136efd29587e
19728146239,d3e88ae8-fdc7-45c3-b861-8c55a652e043
18565094300,e772334d-34b2-4f88-910e-5cee4e41fcdd
11379460840,2ed6d140-2dcf-4d01-866c-d245acf4a658
13408949691,5ff75f00-4ba7-44fe-a62e-6a57f72c5127
17975521717,f2d4f494-c8f3-4e01-aa69-a0185f674627
14104339968,008237b3-6a46-45f9-add7-431084b7ba04
15090432169,0c2ee65c-abb3-4c26-92b3-9fe8c8c82d82
12826069126,adbbf3f3-cab3-42fe-a3d5-e311f10a340b
19081473051,85af91cb-b2cc-4653-bd48-8d7997c404c8
11478505456,35a72b16-7f7e-4876-8ccf-a7aec56e4b6f
12629528733,7d6cda69-a987-4159-898d-a2ff2b4e4679
13367690806,71aa7f03-9588-4c7d-9c2b-255ff1caa461
17873492425,ff3d5bfb-9cc3-40b2-a560-7dd887646df6
13025446898,24a4491e-b11a-455e-a20f-efaac77f5d94
12731419137,ef13641a-50a5-4346-89d7-d5e9f82de5ab
19477336596,8b885ae0-1dc0-4462-ad9a-2a2d00652adb
16149900408,840c2b96-35bd-4026-b422-0b0745dbe3ea
13967328775,54bba5d2-f067-45f9-8213-bd123d09ae05
14457732646,caf1c908-b333-498e-82c0-1f04eefd3f33
15624684627,92e9d6b6-8399-408b-bb3c-11ac79589271
11958992845,c444fae9-5baf-41fc-b4b7-d1fec88c32f9
19825023359,cf810732-5720-4dc4-ae14-3127e1ca3c21
11136975102,aff4a88d-a7b0-466b-846d-6a971d90dc49
16284631437,36789282-d5ae-46d4-8b1d-cba4abe1d5be
11333851730,743a8918-9fa9-4dee-ad4f-6e43ae2708cb
13237309880,980622c2-52a1-490a-8bcd-ee4995763609
12593267142,72141bbc-9d7f-407a-aa76-0a054b4d27c4
18042824795,d5345455-2e4e-4dee-81aa-b2cdeabeec02
12181920920,ad157d74-88f2-463a-a219-11c6d7316236
17850755031,a21a3bcb-e2c2-48a2-a16f-61e2c0a20763
17977606101,395f6357-9c2d-4908-8d62-8cadfb63b665
18586187894,d63ae5d9-a616-4187-bb0a-9e5672ac8cd2
14544759431,e98516ba-5a04-484b-a763-31eff4f7ff5b
11027130746,6b5966d9-2a12-4678-aa06-2ec27f780f59
19516576676,8cd5824b-b022-4181-bf14-10f5aaa9fa58
11317355027,599a5238-a239-4e87-9ad7-94605653dcd8
12626049112,55583407-4d50-4a78-8ee9-e3654c41e675
12604900901,75b2be2b-71ae-4f13-b432-ec00d7a0581f
16656756520,afc45606-afe1-4818-acc9-c6f481abeb8d
17348580328,47a3a95e-068a-4e63-957d-872d41ac4922
17170626375,6bd6b2e3-17dc-4e8f-a95f-1df64ac8ffca
16514367777,7354fe04-f2d9-4c7f-82ee-f4aae518f271
13582808661,3e899e89-ee94-4f61-87de-ac5ef4ba932e
14430917229,401c0dda-6ce2-4c1f-b6f4-1002b2d4fe89
14004137923,03774b65-0d86-49af-94a6-23f644a55b58
17929857679,0bd24b59-389e-4ff0-9a34-326eadade94a
14773949960,6dca023f-64f1-4065-8ebd-afaa9894d186
14081318730,8f010afb-6d24-419e-b8b9-3fc8f3a66b35
15415073606,233a2bf0-7db3-47ed-8103-164ec473fbdf
14242952085,046f8517-4c5c-4946-ad5a-916af241b8a8
19425297104,728c6b24-2ae3-49f2-a035-dd60508164e3
16802614222,7d65356e-23c8-4ef7-9f4a-b16aeb322bbc
16424188327,a3b11b1c-ca1f-475d-8575-6a7217df10a3
17318053398,7ba4d8e0-d812-4f56-a96f-7be91179989a
14537253646,5078e8e3-9bcc-406c-9a17-f8e9843d10a7
18520650941,44e0e7a0-7478-42a4-96cf-11223bbf13ca
16222938950,a3cb5e8f-9ce5-4a4d-b607-dba491c87f96
14027378725,70d92889-a17c-412c-bd9b-041ba8b089bc
13535487743,fa216d9b-078a-4a4f-8fb8-b5222a97a9cb
19963546958,5b3063dd-2992-4c6c-8d5c-c8e27aae390b
14607103972,0a5d33fa-1611-4f97-a759-8a08085e8b5e
12647157728,8f2878ff-0a43-4468-8097-a958a6d2ca65
15566097387,3ccb8a7b-828d-4571-afab-5b664fb69d8d
18660521059,ca8fc9ad-5006-4b2d-af7d-b999c8f21f16
17248121200,351f86d1-442a-4208-ae77-47f90966f9c3
19426262961,7b6a53e1-b5f8-40b4-8345-4722c63dc26e
16201134639,9565588c-a17a-40bf-b4c8-56a80db25022
12403566873,ebdca040-b02d-4065-af29-7ac3046ab6b1
14736324745,66804f16-a8c6-41a8-b85f-749acaa2b82d
16699553087,f50c4822-f996-4010-91fb-41634d59f2fc
11838245178,6ad7678f-8d13-4bf4-bb7a-9991fc78232e
12531743419,09404a24-f4e6-40b5-8621-46abb386d14e
15484211282,5862b279-8ffc-4dab-9be4-2a4dba510354
13684517231,b598a9e6-f64a-4501-8131-5424520ee708
19036852315,ad96601b-2f34-43c2-9b45-5425d7b3912e
19322323523,7438d5c6-6e77-4651-b05d-fafa1d4af76a
16328321018,d85978c1-e2fb-4213-a117-fc5598c9dde3
18625942347,ebc09bfe-1f87-4170-9caf-9c6b00b47e08
14937601478,7d6a5ed5-8df9-4a47-b410-83c8a5498d54
11470139106,4250b9b9-811c-48fb-9336-ac3b8a60f417
18930822391,99e76895-dbb7-4c5d-9a4b-4e7b241b51fa
11644731614,73b92a86-74d7-4296-92ce-0c87e8d52b7c
11985241131,da1ec913-0fb7-48c5-ae38-fbdcb51c2548
11820081246,1f872b08-702e-4083-a806-878c1f432732
12070884864,b3c54ba2-52c0-4b61-951d-d5303f378ac8
13642063690,662f7e06-a531-4a7c-9537-640cfafad3c8
19611948930,342082a6-f645-423b-a70f-3e7ddd3527d0
15161077064,31b6af43-281b-43e9-9940-a0ed58887d77
11261095750,6d87e39e-4c24-423a-b2c8-09a4ef229ac6
11772254512,b188a339-fd51-46a0-8197-c2c63582fa1d
16190748984,8e236607-1e8b-47cf-bd32-eb89ab962939
16507473676,befcd6e2-5536-42b2-ad8f-5e0b71784558
13863444614,6bfc3706-508b-41d0-b5d8-cf45d068b568
14634123511,82f2a66e-5936-46e0-867e-2022ec4c4ce1
19129513623,3d90706a-3344-4b84-925b-9c3eba05c17a
13510946306,2b3421bd-440e-43db-a55e-e3e0cfc95304
12839409194,f1380b5d-cf02-4158-bb33-b444b802593a
18112539341,1bbd97e1-baf4-4833-97c4-c7f20cf1375a
15844932785,a320d7d7-1971-488c-bfbc-bd75ac860451
18529930744,ae9fb4ff-2717-412d-8349-94c0130d2f04
13638761241,d2140c1b-3fab-4465-ad8b-58fbe1e4a02d
12335854996,c0e904e9-317f-483a-8e5f-b9cebeb164ff
17866601682,6f22503b-3747-4bc0-8309-5f4927e6cada
12439880716,a541e432-bb74-4ddf-8159-b17149b16ab2
15348738084,546a602a-74f5-49aa-843a-b7586301fa92
13959266745,e8ceb1fd-bd22-4e18-a9aa-ca213c122cea
11604037161,196fd289-8838-44e3-8a7f-823881a2cf8e
11648027421,a2a0b511-40bc-4d21-a29e-b49cb72468be
18091693326,5328035d-f4df-4b5c-a498-1b9e82b016fd
11379279936,a068ca88-a273-4677-bebb-43a8cfb748a6
19669250064,85c9aecc-a449-4e32-ba82-e2307cd45698
18516559265,cec576b0-2abe-4102-8610-90201c667bb9
19013105623,31c89233-8064-472e-b6bb-d067d404380f
17176556336,47e7a8c6-12c8-42a3-b736-71b787c995e4
17764218133,778dc052-a016-4e24-b766-5f8674095f29
11038569086,0f94b4e5-6ced-4a73-b9b4-90e60212b4f5
17679953011,ed81d882-019f-4d72-92ed-a005079307ab
19364707520,719e02b5-6bfe-4600-bf49-51adccc00243
16853226698,ba221b89-9274-4349-8056-4242cdab8ceb
19475692376,9f05f689-762e-411d-b804-42fe00529659
17545642269,9200f351-ec2f-4fd3-b3e2-12eae032752d
16539276262,f992c874-b921-469e-8729-336fc5e05845
18726278021,67e8740b-45c2-4297-af6d-f628f6c33006
12199535159,bdfdf225-a822-44da-864d-d8dbcc7f1ecb
15364620693,eaf87d72-cfff-4f07-b791-2f7d28f93ad0
16081425210,5d7c912d-d06c-4b78-84be-2ae7fdf14e93
18746950827,d4039741-de3d-476c-8962-ab30cef08921
15887466768,79b38dfa-ae52-4ec7-bc2c-b740f2f1b0b6
18331077955,ed8e1362-c7b1-4b5e-940a-e7c5a8ff0544
15886451212,8c5ddbd3-7ec1-497c-941c-a3b978416b39
15383257276,a5743206-b076-4a7a-9005-26df33113632
12314975466,a05d5029-e64d-449a-a99e-f35783a273ee
15193084534,17028349-25e2-4274-8a65-d9655d65e53b
15434027638,2c836542-32db-4a7a-a03a-0ba052b58f8e
17918082019,7fa25258-8833-4efc-8243-9af46f1aa24c
11891031275,ff18d80b-7787-4dbc-bf56-3ca544aee1fb
17504563690,907f6f24-edc0-4f1b-a22f-d3699dc30a42
11267971540,51291d63-06b4-4a8b-aea0-c4e1fc9cb837
19634229812,79eff3fc-0fb1-4686-b9b2-67bffd4679da
17214883256,53534660-8a82-4e4b-87eb-b2d0ff461574
16729683532,4f8427ef-e441-4b60-9cdc-ac34ee3ebc0f
11658045739,93c728c5-6f0c-4330-8bcd-ffe42c6bd43e
15903900797,a6d80c04-1301-4817-8ab2-77ae11588aa9
13330798385,53a8c2ce-fbf1-4e05-9651-8eb701a18323
18789218095,f98d9b0b-c38a-494a-8812-24d077b72fcb
14035377697,a4f46464-94a1-4951-96e0-05e6c4f3c311
16648302497,b769d37a-0ba2-430c-90f6-4dcaf8af3a40
17589940135,0322da44-7984-4756-90d6-fd33e4c4f041
15402245694,885f0ade-a28c-4d5c-bfea-64103e0a1417
17320872710,4e0b1751-da3f-47d0-9e8d-16e0a3ca7b80
17363173077,d4944e88-18f7-43e6-b98b-b0cc385f6bec
17409327128,c44c3435-d670-42c8-b19b-526a8daed083
13477840794,b25a2daf-7f87-49a2-b175-06259b6b4ac7
13232306570,29811785-c536-43d5-a816-2eec3ad769f5
11772286341,bc35feb9-829e-4958-8da8-e1cec9049b16
16448937162,366fcb23-edda-41fe-a5a0-9a73347a5dd4
17404620606,762b9b14-b4df-428b-be09-76a3b1ef6e53
13323887508,e400ba70-244d-4747-afef-215449110a9f
14592736406,bd6e1f09-b022-4b6e-9bd2-6d829ae8f175
18170247433,ec035f0d-cd9b-4eb8-891a-ce5a99205c47
13245786961,a4eccd13-83ed-49e9-b7cf-8385e272c091
12581715108,4b650a88-16c3-41eb-8bd8-1e45971d8ba2
17665628768,9ec02230-6d0f-4c8a-8235-fb926dff0c98
18020769429,eae0d054-98fa-42ab-bbb3-4855bd974d5d
15726585502,c219a48d-2848-44ca-a9d7-2c55c39c73a1
18857983046,a32c1506-a65b-495a-8b07-1234dae71e44
16535558330,c8b6004e-e343-4da6-9418-63c0b1dec47e
14715138166,8defd69a-eb47-449e-966c-54b7ee01563a
19036631669,5c39cfd1-ec12-40dc-abee-1424c69074ba
16260146313,627fa7a2-4559-4e74-aec8-834a009f8d3c
15923157783,62f75d98-9b28-40b0-a522-65d6513fec4c
14240857924,8a96ef52-fcc7-4531-88f5-f83809d26e8e
15161149833,7d75ff11-dad8-4731-981e-2204c423687b
11429232854,03f6e127-d9c0-4d4e-ac0a-688afd54d1a7
17272875531,8b379189-81b2-40a2-89c7-c737d62927e9
16821372234,884891f2-308c-4018-9192-a86327b6ebab
19589158047,b4734055-0179-4b4f-ba35-ed561c2146d3
14673927240,efa2d982-36f0-4d2f-a5e6-2c5c36ba420f
12764358023,f23f60cf-bee6-48a8-9c68-d84a075403bb
11175115344,78e63ac5-710e-44fd-9c4e-2a478e977092
18196564499,42e83bc4-ef84-46b9-9f11-25c442429ea6
12402171149,915a4e06-f023-4794-b987-700edcd0ad10
13045823985,13f16652-1f7a-4b0c-b94e-724aa935d2b9
17406770373,b420e55e-211e-462f-a751-efca2fb5010d
14673221736,2cce0cd7-9d68-40f5-8100-5c6653110490
13745322937,19b42b51-a7b5-4bee-a3e9-1aedb734869f
11178807467,750242d5-6d0d-46c4-8556-931544d40f7a
13694713218,7e92d221-d423-47fa-bb0a-68416cb025c7
11293011065,ec072026-33a0-484b-a47a-263cd4ac29cd
16728264852,82ebdc60-c234-40f5-a68e-55c609c928d0
12681199642,2da3851d-0aaa-4c17-9ba2-8b89ff7edc85
16786851747,08cce5ab-92ff-4024-9c06-41ab0e7b316e
15067579334,226a2b6c-635b-4588-a4b9-bfd82bae31c6
15643361791,9784f4d6-7760-46ef-aa3c-f96e2a568ecb
17295286266,98968daa-1ed8-4758-86e6-bbe0897a26f1
18812829104,3d4e0872-de24-43d5-a661-29e80924eb14
16672542083,666d98c3-eede-4fed-b240-0b825425a405
17012021922,83b32a7a-dd51-4219-bd76-8c94fa79638d
15437402060,1d42f1f4-168d-4616-b4dd-32293402217b
16934733471,319e9bae-d2ff-455d-a43e-ba903dd5c4c1
15937695424,729cd027-b509-4b4a-a275-4c5abda1dfba
14636833582,fa262cc1-ed2d-48ad-98d7-587f8991def5
19071938243,16c83ddd-840d-40b5-948b-0462d6b95bac
16952880313,d95d6c4e-b4aa-4534-9817-ca5f71a7a1b0
15138637831,3b00e56c-694c-49eb-866a-2e85d1e2326f
17965903089,79b6f2e4-be52-40a4-9b5c-2dc72d5a282c
14288485161,2222fb28-a3de-4c79-9c6f-8bbc8256be90
14721867559,42c1ea38-8a28-40b0-b8e7-129a335db32a
12924543883,1e91e3e3-75d3-4783-81ce-139ea3162f52
14738795942,66ca8ac8-ba01-4263-822c-c20fa87d070c
17201302481,083fd131-36b1-4aab-960a-86873f99b0c1
11002422907,6cccd870-5aa5-405c-848e-a427b67485bd
14360054689,9b1569b0-1732-4589-b4be-2e31b6ba218e
19689058421,700a8e58-00ab-4029-bf9d-fba2e003b30f
14774283349,1b1c8367-9297-4c22-a0e0-7d68feada3ef
19363399913,a16a010e-2e05-499a-8c3f-5c5789691aa2
14049092883,793918b0-aa37-4017-909d-ca1a86c0c973
12586682199,56bbb3a3-e875-472e-a4a6-23fede2e1545
17938107416,95fb0f3f-0919-4eb8-87b6-26b76782cb65
19239845527,916b7368-d9d8-4198-88ce-601c572b73ab
12815747171,23b183d4-aee6-427b-bb75-0dd1ad80a9ba
16015248006,59eeb883-6037-42ae-8379-2f073dd91fef
15536177785,4dc38730-2e7a-4833-9c83-4ffb67f81bbc
15101374325,306c3120-476e-4f00-b80d-7595b4aed5c2
14431537963,230667a7-92ac-4298-ba50-89ccf7e0b17c
15341248668,d49a8dbb-6b91-47c2-bfa3-084019c3e5a4
18687139183,64e63022-0eac-4821-9463-5a3239eb951c
19731298621,4fa7069b-0df5-4ad3-8f17-59bdf68e2e6b
17786472373,7eb99589-d037-4ad9-8769-2678b33cf189
11190109701,369a00f8-df85-487d-9749-c9fc29695681
11597018734,1330527d-f274-446c-b92a-9c9340e87404
11992653159,e6a7d7bf-402f-4678-a90c-da0c728d7239
16173032202,267969d6-ea18-430a-ba76-fdacd5ef41f8
17468572101,03bcca27-829c-45cc-906a-347ea2f24896
18352783194,67dfe222-1cc9-4111-9862-bd83645216bb
11586880049,25ee5c65-d139-4128-9ea0-477013a63260
19332766453,41e5061d-0f61-447e-9a2e-ec683affb0bc
14803233119,08896013-454f-4287-995e-ef87dc21549c
14427951744,40504b28-b3c0-495a-8709-eb5d02bf3717
18896040595,ef72f89d-9316-4fe9-a3ca-ae22281f982a
11759219155,f7b8bfbe-91cc-4ff1-a5b9-036f65e72292
18347820221,0f971907-120b-4ef4-8530-b05b02266fdb
16078843147,8f974b03-d381-4097-b141-74525774dd27
11947637938,5c708713-6564-4593-8196-dd0fc6f0a264
11878174100,28149b63-86a5-4250-a0fb-30a90f27ab01
15633649600,19fec102-4b4a-439d-8931-1e389a45b5a4
16917616381,09f9b5fd-5df4-4b42-b6a4-d0f14411ead4
15403874429,427a9183-31b9-40a2-974c-190d4aab7a57
18017015731,21fe7cf9-e29f-4ea3-8c3d-4f14dfddde3b
13777306895,9600e264-7c54-4d21-b366-ed3f0374be57
11642605605,c851cc51-d915-419e-8d3a-e3c04a57f44f
14239969174,18d936f8-2385-4dff-ba16-47beab87bab8
18168406846,21f51339-78dd-4693-87da-b1ceb01a122c
11195272811,58bffcb5-d43f-4ec0-b7b8-15c0b435449d
15553858920,f07670d3-d48b-41fe-9f55-0b5c3a35f6a4
11533977140,eab77eb1-6825-4288-9ae0-d39ada3027d2
16807853891,7f9ec3bc-ce6c-493f-a527-0881630e8705
11463140333,524ee97f-2881-4ef5-ac24-f9022268682d
17612619305,8680f7e7-d8ad-44f7-9544-1eb4748170d2
16637878557,9d73a308-3d43-4a43-a891-23cfc1506e8a
18584178151,02e9b2e7-52cb-44a6-bc95-a81ae5b0ecce
16378114357,c52ab056-12d1-4623-839f-00a2261800cc
17224929700,fec3ec11-b1ab-4998-817c-e1b42dd5795e
19508761402,fc81c40e-b69c-4319-8cf7-063853925192
16950309440,e4abda2a-7d3c-4917-9697-ab7e61b81da1
16637104806,f73bfad2-0584-496b-b83c-3eebbeb85c50
15570509941,c149686f-1997-4129-aee2-2da1db161e65
12810291198,a1eee058-9e52-4304-8a88-9a93efa94999
17360951203,1bec4240-deef-4936-914f-704d0d5db559
14863295743,66b12fcb-5602-48c9-baf3-c77becad9b69
18189013609,329f356e-9bbe-4e61-ae59-cf0952327aa0
11854021778,e31069c7-974d-46fa-b957-8377ac54cadc
12589233354,d24e9c01-6e71-468f-8951-d44f9186ad64
17059699697,b74f0c6c-2ca5-4511-aad9-859f536ab39d
16299104865,168c70bd-bee2-4e29-a04c-4857fb950df8
16375158858,2ebb1a2a-167a-4de8-ae47-9ef8f5f8cb58
14987245981,42f4c096-b4a7-429a-b7c1-a901a0445848
15737233458,79a999b3-67b2-4597-853e-60b7845d4528
12605066605,16818e1a-4110-4d4b-9c66-419a786000ac
14744573106,80cdd6ae-73dc-4037-bf01-96a982aa42be
18872798065,d03f6e03-b786-4a8b-945b-734b7039e20a
19311712901,905fd835-94d7-4376-b20f-98971dce0cbb
11707146345,52a5b2ad-7ee4-4fe4-9501-200f4d81cd6f
12301393899,5deeaa86-c8b5-4d30-a89b-122e391239ac
16006976295,eb90110b-2fa2-4f20-bcdd-df86f5c04c3a
17225010899,b37310c5-c619-4a8c-84dc-13026483c125
17099938298,c8608025-cd55-44e9-ad87-1b2dcde8fe99
16168187605,48f304e1-4497-4e8d-8ab2-b4edaa5dca5f
14357590358,85ee3f30-99b4-4ff2-b19b-59b6fecbbabf
15115876135,f665fd1f-2b76-408a-9495-2d6a4b495413
18491158282,0b7403e1-9e70-4cab-88f3-9f78b24be5cb
16093363292,c8cec890-73e4-4a48-878d-f0f4c8fea221
18795440084,9206a6ac-993b-4839-8107-3c8bfe756123
19987638928,dfbbcaec-2f0a-492e-bd0c-4e868d1c540b
11859122229,e4f40e45-423f-4a62-b890-5bede3d8899c
19624322751,639d75da-fa26-4ba7-b4ac-eef9ba285d8d
17681023133,e287753b-3821-4fcb-96b8-fd5963889604
12973159180,93fbe874-0c90-40b9-b674-4a7f45a55a90
18413161508,e51fcc88-b0f3-4114-8de7-3b65dbbcab3b
11506357086,e2abe045-67f3-4c5f-a740-f3d2125a6d8c
18499443298,292ffb69-05b8-4a3c-beca-4a516da32346
15259701555,ba616ec4-c48c-4831-8bae-a76d2d1aa8d2
14765080319,5cda5576-ee77-4b07-8cee-0794bbbb0f15
11918921937,7da36751-3718-435e-a7ff-2f9be8148016
16205313736,8c72f412-8f7c-4e59-8659-b7784e4c2c43
11626422973,4ddbb47a-220b-4f92-af43-712e0e6421b8
19426521368,77fcb065-eb63-4a94-bcfd-7c27ece6d665
11470479083,2f806f82-7320-44a8-821e-911b3a196021
11326000445,5c01d1cf-dd02-4328-bdc0-edbf33c16053
17050173294,c910332b-8874-4f08-b23e-3353fa9ba1cf
18273711387,b8f9a4c2-fa78-4f7e-9852-28fb8a495fe6
18507057394,a09ab85a-60e5-4126-b6d3-3bb3d1cf2c9c
15454268929,a807fd7b-3b78-44a6-a342-43805a34e2ab
12474200561,18bd0f22-9df6-451a-a6b2-1db5f4c96cc2
12116509903,56d7578c-0116-4d41-b590-67e3b3b0e0da
16730233073,e75cf1d6-b3f4-471b-b5e1-263ff7e48fcb
16559460086,300c37dd-26b2-4900-b77d-dca487e15651
19325150948,8eab2743-cc2f-45e1-b52b-7ea2665d6477
15744974341,51256f85-243a-4bac-aa1b-51bf5b79c91e
16598776038,bad559e8-d58a-4d4f-be6e-32ede7c73bd4
17141115403,c22a2675-4d4e-4934-8e5f-a59867539a6b
11650931831,b55b530d-41c4-4fea-9aac-49e31e879dd4
13983101665,2e385566-013b-4bb7-af63-8252a36e3283
11759601050,d17b85ee-02bc-4df9-a6cd-3463e2b45356
15813170502,d6cc2fee-031c-41dd-b789-f2abacbd6c4d
19067481162,d19aed3c-c638-4d80-bc4b-b3263a20dd6b
14164955177,b52994cb-e5bc-4b28-9ee5-89058dd1a9ae
11094125718,09f5f104-173b-4c3a-b8d0-5e4f847737c0
19970308117,80b9bd4a-a505-4535-b39f-ac95a7fa9462
17765258799,a74ac874-b4ca-4259-9bad-834014f63619
18085919537,41ee017e-c570-496d-973c-b95386733c8e
14294427913,f3553d21-0ebd-43c6-ad15-1806be23e141
18646185033,837c83e3-9035-4822-a93f-181c56882c6f
15653252136,f815feb8-d119-4146-80ac-4311bb70c1ef
19842591734,95dcd739-ccae-4454-821b-76fee3f1d630
14218773743,c5b300be-8725-4d07-8331-87c01c74f0bd
17219195058,feb27e9c-b125-4b78-a55b-b2363644178e
17453184260,796d75f5-8ad3-410b-a282-d502b235abbd
14708476387,3ce7fb59-aed4-4663-b5e3-229f3e617658
14873654521,3533a7ff-42f4-48c4-8d09-428bf752aaa7
11415259924,21da4c19-08ef-4ca8-8b76-906bf8ce3871
19350654312,34f633c5-2d99-42d9-8416-9f5f541e72b4
14982791539,252a6235-1a1a-48b7-bdc9-ce74932d0663
12796022617,ccff53c1-5b6d-42cf-b2c3-030dae1b999b
15805473040,2daaf15c-6df0-4214-a4d2-502be4582dfe
13554111242,a75f3653-3906-4112-acf9-801160c4a6f6
19320391621,44e2a262-7874-4d06-af67-176d28850a9d
13990843250,6cf27287-ad01-4d0d-afef-c81a457b19eb
11000414290,0ae80258-79bc-46e0-8d2e-03ee4dcc7a67
19622034855,3d547a50-84b6-4e0a-b1ec-1bb4f4c1f1e6
13726501855,707e7119-966d-4ef5-aca5-510e82937710
19877220055,14511f39-4ca1-497f-8e29-fc9d1ff4ecd3
13663899807,5fb536f9-c77f-471b-8007-6299cf9bef89
19265593966,22feb382-0768-4f96-a76e-d5ecca10c8c0
13960312101,fe9158b8-cc63-4b5d-aad8-c3671eb26624
16639416816,ba275c86-251a-40aa-8584-42b1a4f1d171
14027291405,2b96a261-a730-4f68-b25e-fceb79f62df3
13939869219,bb75c70b-ad18-4d89-bb14-ba8716644d08
17120671624,7367aeee-a230-440d-99a2-5b905fb00965
14648614255,5c803837-61b1-44eb-990b-a870e307549e
13798449628,42490e0d-bab8-49d4-8ec7-6c0397a981c0
12905149489,a61e9c65-ceef-42f9-9000-34b04fee2f83
17977387275,d8d5d341-7e30-4bbc-853b-f9c0f14cbf2b
14728523442,14dee99b-73ff-4ba5-b2e2-a6bd7123d46d
19936720297,5917fa04-1d3d-4589-bb09-216d86a9fe90
19619554092,93316c14-8d27-4c81-93d1-f2868493c127
12444966785,7f51202a-345e-437f-b295-5797ade082d6
18078268304,82b46c9f-769c-4812-9676-acf9ec305aae
12885786740,bb1ca7e6-f53b-45b8-9cee-fb86963d85dd
16826675980,c9c41159-2c31-4430-a0b0-ec607c8cf835
14597547935,7c3ef8e7-ab8b-45d0-b2f0-2defcdf4ceb9
18537609494,4c90b45a-3f43-4064-b6f8-42c9b4c50a0e
14238267078,8645fe9f-4830-47ba-a9b1-d871e7fa401d
16869540162,71d39d2e-a036-454e-876a-7afbfb09b7fe
18582874728,cfdc5b6f-aaf6-478e-a3de-383fb956b7f5
15313396039,f516bea4-09e6-458f-8473-46727836fd65
14641020312,8f2ad6d7-47a8-40c6-9831-6f79de0f3820
17082561453,fd84b486-a6f0-4084-92e5-ccfe8d68e847
18175331632,926cc7bd-0428-46ab-b63a-5d794fb604d8
18007558880,07e8d8a2-dbac-4733-b3e8-6e1e7d883809
15657107076,6c790b12-e636-4d04-b826-5962f506b70a
11190946069,3b084b76-fcca-4937-878d-8ea6c1f59e87
19644592598,1cab1600-c1ff-429d-a7f4-e1218b8eca77
11903020648,adf70d92-1b62-4a47-82ec-8c6eb4c3b823
13768022586,5b5e36b9-b925-44d0-9089-3996e8f7119c
15502321081,86fca2d2-7f27-4f4d-9ea0-6b18d933b82e
13324038253,66fbc8d2-aca6-4b2a-8d0d-e9ff75338436
15750298203,a754baa0-3fec-481b-b7c4-dd48f7669781
18246558368,b4dfab6b-472c-4323-94de-a8fb51d685eb
11521447549,1cfab1c3-2870-4a2a-9484-b3222fbc27c0
11798001047,ab13c007-e219-4a45-bb9f-fe4481070a64
18313672693,928e9f70-6e46-48c8-a625-d38eab49d19f
12994526483,4c765830-84d1-4259-ab62-54b0fff99374
11705296202,3c01ed48-3125-4be8-b779-0022fb797b5d
14635037021,2361fcbc-3556-4862-a8c9-0d26e9fd4e61
13479787036,306f1e65-49de-4d4a-b016-b026a5307332
11503016849,cafee2c3-8cd7-4dc6-94cd-71429277b6aa
17518865921,062b6f39-deec-49d8-a40e-3930997c727a
14520404033,1350e3e3-3936-4059-8203-b467c149a890
13891480758,ca97bff8-0336-4423-b094-55b9b2803c0e
16916795579,62d63312-b26b-4da0-99ea-96ca1c45a078
13854424419,5da4da65-6647-43f7-9e13-3196fe2acafe
17780251522,894f8b1b-1266-4b84-b27d-027d2762fd8d
14193886733,d0b5b4dd-cb37-4c55-8e90-2e1f46eb3cba
15618734434,969f3b37-3e11-4c26-881d-b67ca9388bae
17366920079,acd7cacf-4801-4dcb-a25a-395f03d711c1
18992198908,f7af0569-696c-4716-8b46-4078cf7e542b
15788672539,33c95938-8c1c-45c7-80a4-968dc9bfda44
19399374815,9f3972f7-262c-4714-8c93-290df8a6aae8
16489365746,906ec8a4-e308-405e-a30c-9d2fb5ab2a66
17236649135,fed6cca3-c32e-4d6b-8816-445bb4a58dff
16091263994,473495f5-67b4-4d92-bf66-05a8d4463164
19991601909,7615bdb1-ba42-41d1-b469-c0029581da4b
13235370138,6d3454eb-616e-4015-9a68-08bef1cae530
14040897588,fee3dc4b-c52b-46f7-a20e-d7051e417b19
19522122534,f4b6d687-6aeb-406c-bf5a-558db92f495f
11326034014,ac89f62a-b3b1-4b30-b3cd-3d5cf96f82cb
12257617814,d3070eb6-8183-4361-99d2-6b1f549dfb47
14007065677,3bfa31c3-5093-4287-af59-ce8f0e418bc7
11890682911,90fbb214-4d3e-4261-b2d4-fd26d8fa925b
18911146619,e8b05b31-e663-48b3-8e73-446235af65b9
11796601435,41278352-689f-4936-b6c5-72ce247f1ee2
17479890882,e84f02b4-1e0a-4321-ba6a-89625742c4b1
17818219173,9110616b-102a-41bf-9fba-f9d5e76c16d7
17589436314,b922cb71-aa6b-40e8-b800-b4601d2bb137
16709631716,215aee84-d0ac-4853-bec2-96b1c4c8eb5d
14112019071,a85c50e1-3f55-4efb-8502-0178db86d6d6
11199135432,966cebe8-1381-4d6c-b205-7b5b7f15747a
15497885233,2c0e7578-9229-446f-8526-0b6522b8f6f8
16909602283,9f26b29c-a842-44fa-89a1-590032bda5d6
17507626382,5656b396-8d13-4949-97b2-4d59834adf94
15163379713,3797d1cb-a96c-4c79-aa47-6300161e66c1
16319538123,c6e93bf9-804f-4415-8a75-ee74ec90d250
13067570827,9284c08f-7d55-43fd-85ef-c015a8ff28a7
12025627891,e23c1232-f0a1-47bf-a358-429056df3213
15219599422,cdca47b6-fd33-4bed-9ee4-21732fc7fb92
18144457890,b940b953-7486-498a-8398-a9d22086f2a7
19626288784,8cca4b3e-a982-427d-a527-d66945edf82c
18699507162,1449f627-da0b-4857-b568-5ad5c48510f2
17301648499,5ead25fc-1399-46fc-a5ac-986d25bff2d8
14113940655,d0d68f20-4480-456e-a235-b9c8b72be34f
12911219458,56b97a85-67ef-497c-a4f7-5ff2c8248ea5
19918774284,d56c0243-dbef-4937-a14c-d5ba7067f548
15168931825,2ba334e9-b54b-47c3-813a-b6552a7d76d6
16459688759,d917d3d5-7564-43cb-a405-7d073c79bd3b
17242606153,d3d620bd-3fb4-4e88-8c97-1956011d0cab
13402829391,56cdf62d-5472-4c7c-b1d0-2df673b9c2ee
11565542264,65c0a297-8a19-49d1-954f-0c18c026686d
18876995053,93970e95-b46b-421a-9767-1d9737038fbf
18553336983,b56839a0-13a7-4715-9b4f-adb1dfbc5c51
12386713251,8b115701-572e-4712-a7ac-7fcc5342ed89
11382474363,41101c68-de5a-4f00-882b-a68d5479df50
16355613504,d7830ad7-02e9-4023-bb97-bb3ea235ac1f
13946473049,447e5538-1b21-4261-9203-072631525b94
14553908762,e73aeaa4-8774-4fe5-b7c8-6036ed2ec8d6
19263464571,433a31d5-1601-4dc9-8660-616328866cb3
17594290288,da1af6cc-410c-43c9-beea-e2a014b0b0ba
17970268272,0eacf7fe-96da-4b88-86b7-ffdf4a91f06d
11291468174,30e45c06-3459-462c-9859-1a049b262060
11909545129,de1b9639-d688-48d6-8d71-b0349e7c8efb
12287637489,9fe1a494-b255-4a33-873d-7cf0a0896dba
17829441399,f84bc657-9894-4b88-892d-b02108e3eb22
19566301912,0cb8f1d7-2133-4d6c-a616-4d74d318c08c
18545408816,1825dd41-bceb-491f-8051-42395fa83a39
19058013739,1e177778-f5dc-433d-92c5-d68130d2a137
18492082407,be5faad2-0b17-487e-be40-35d5ae808de2
13330225863,865b731b-46bc-4cb1-8043-5c2cbafe25e2
16846732099,95d5a6da-dbf5-40e7-91ef-f57f36069c92
11374166523,345a1433-5981-443a-a7f3-ee6ff1d93989
12907447979,e4045f90-14cb-4f94-b835-3658a6cf2dc7
19127490261,cd58b741-83cd-4d7b-bfec-17bfddcc8697
11736981077,51d6a376-c656-4273-bb77-dae0ad544923
12014067548,1f174238-9da8-4db9-8ac3-4c7b7a53f852
13022682995,de2f450e-7eab-4892-94d1-b58e0875d344
19477506968,710da621-c354-4758-99e4-17519564958a
14501324409,121e006a-afd5-43ad-b7ac-2ba96d923387
14676739821,38e7995b-04ba-48d2-ad6b-c784bc32b08a
14056444297,5ca84dc1-a221-489c-a774-dcbfbb1585a0
15386129915,f9f46410-be0b-4ac1-82a0-dea1d3734fb6
15673723632,37f2e5ff-790f-48bc-b23d-9bf9d9f377b4
14975962695,b89ae377-1db3-4c9b-8b65-8dd774befad3
17383511407,b86eeab9-7f36-4d66-a628-4150cffb032d
19109519950,d83c9e58-a35c-404c-9ff4-f9fe901e9031
16673174758,01c2bd18-abf5-4ed4-8db4-01a5639a3422
16590243521,f21e2ac7-59e2-45e4-bf19-89a7d765c39a
16123172808,1ceda479-2c4c-4c61-ae70-e97c0b121a8c
18334455372,57d4773a-418f-45b9-8d52-00239ed19b14
12786859545,fdc3e0c5-9e41-4cf7-af65-ac2bcf3b9fe4
14260459212,725156e2-eeaf-49ab-a1a7-7dd84da3b598
17186637339,64558e20-0eaf-431d-a4ec-f536a740f103
12777861019,27e389d8-4426-4196-af5b-049b31fe4fe7
19239300297,e72ec0dd-ddc8-46b3-aa55-936286d29bbe
11042620761,905b7398-81b9-48ec-89f1-b454bf11659b
13068015232,03c6cddd-e2b3-4225-bf5c-bb2eeb7c2975
15829329882,07d64a2f-f5b6-4f0e-9787-734a7c195d96
12837078966,e1163782-29f5-423e-99cc-4639935b817c
16909651463,a28f6a02-c119-4b1c-b706-80c2a2f9532f
19275746315,2c0c9d37-4d18-4b10-bc95-9a9d839bf875
15024816759,b4c7f335-7b2b-426b-9dd5-0fca64db3ec1
11943707719,865b61e5-80c9-4963-9200-8ec5945bf2fe
12811789035,016a667a-bca2-4663-8ed5-8570ad06bfe5
11959132218,9f01f411-bc02-412a-a495-5a72fd7b63b5
16932824047,7a635da6-1de0-4807-8b6e-9736cf27f597
16887774461,e35ebf6c-d560-4c33-96ff-d5d2dc839f10
15635352102,90f892f7-9ec8-486e-8f52-7b09c384eeb7
14996742136,22772c32-be8f-49e1-ae4d-ae6fed68290f
17891890849,9a21cb1b-23b5-4877-b624-2f0bbb9539d5
19942413624,9e26c8b1-edfb-443c-9020-88acb2e7794b
14175675761,78801140-c220-4eb7-8e10-98c8ab3d3537
19643807347,b32e60d3-f3f9-46d9-89b4-67032abf95b4
19351813170,6e2bc46a-c54a-434f-8e82-0b4ccfc66487
12348016798,4aabfc31-0b99-4af4-aac1-b805f90b8e52
16310485162,26abdd48-286a-4811-a1f5-185127c3c37a
18356308273,cee85416-fbb8-4993-b501-b3fa9a4500d9
16904100576,553f6a24-4553-413a-b12e-13c243a30d2e
11939049321,7a1a4306-206c-4f3f-91db-9ca14c4f1b75
19622677126,0b5077c8-822d-4d23-8a5e-bb418780bca0
16097726682,d96a628a-9ee8-4b87-bbb1-c0c5a5137e30
15271427758,6d9a2c54-6b9a-4cf5-92bd-9a3c0210a3dd
16296477062,8715dc39-899e-477e-b642-e8159cfff04a
17858358814,f9c0d6b8-9054-42fa-8917-7f8a0c7acc36
17244311705,916da60f-b7d6-4e4e-84fa-32890135b863
17752061899,8fcdd882-d150-4c2e-b6e8-0e780052de76
16983529774,7b1e29b7-fadf-4ddd-954f-ac2189972f22
13529237232,501b8bb3-bf1d-44a8-8574-05f880b92f43
16949992904,497df1af-34fe-46b5-a0b3-265fd625cf53
13181531136,9902c8d7-93cb-47cf-9ce9-3c0da13ee4f6
18090205658,211a33be-1205-4d25-b637-56a041f8910a
12907818618,235d503a-c033-4d60-aede-9cdc76efe8a1
15284114811,2190e516-cc96-4c14-a4fa-3bc64b6c0ce6
11723143021,ef8e84d3-d7f2-4604-82fa-9de5d0d9cc28
15874000758,03cb2b1f-ccd8-4a46-88cb-9b9154bc7ca8
16124666675,6071c85b-7f4e-4016-8bf3-ee7a81c47073
13730986827,238f235f-e33a-438d-ba47-527ef35aed9d
19875090005,fc8567d9-eac1-48ff-96e4-8adab66e2e17
15217529615,c2914e9f-8ef5-49e8-921e-b65d5fa39317
11892800986,cd2f523a-d6c7-4279-9af1-fef61c13f603
11398645652,77c23d8f-a54d-42e9-a270-dbc608b079a3
18431925933,18637f84-a8f8-404a-a615-4004f02c8e44
16533208305,ac09c10f-c9c4-44ac-813b-798d351a1bca
17833803582,3aed1e45-c9dc-4909-b085-831dfdb28af3
14854087270,b3a618b2-8fb4-430e-9bd7-ef0c51c8e485
16591295224,c25d1383-a9ea-4fa2-b239-ef6f7ef06fea
11485401307,2ac705ed-c116-4523-b267-a6880a91e719
19471662719,b1e5b2dc-7bd0-4159-95b5-b0ea31f16107
11169454851,15288190-a650-4c56-a637-b6b8d9b35a46
14227499727,050ae428-68bd-4c39-ab8c-88eb37dcf89d
16760171058,91a1e8af-0b4e-4282-b735-459110fbef67
16488511973,555c7e2f-07d6-4c4e-8e18-60b57dc0fc34
12892497232,8bb5f44c-224d-4772-bdde-27708aa83de2
19292270948,6be44f9b-fd00-4b73-bdbd-90f1e33ff224
14393109787,e41b5161-2b2b-4159-91d5-797eeee97f4a
18449109107,f12b9d31-733f-4da5-b813-026fde7061b9
16237610043,9b940856-b1b7-42ce-b3cb-b5974e6dbcf6
13637185963,f9eca41d-5433-4213-9d40-50fe332f6815
18263169754,95368606-d555-447c-8a85-ff4c4d13593d
13709901393,ae56a668-c47d-4a35-93f8-bbee464fa8a0
14850488953,4e7091b6-a808-43f2-8bd8-85cfa0cce7ae
12366772887,ec6a2dea-47cb-4eef-b18a-64190a2f75ed
14771419360,8d8bbc96-f9c7-409d-8079-efdbe63d4215
14936174901,53c2f7c8-826a-4060-b21a-0aabbca74ebc
19072644517,dfc28ec9-2185-4179-84b6-5aec0848949d
18584280383,e0cd740c-fdb0-45f3-9003-25c50495b76c
15225414759,c6cae97f-d809-45fb-a2d4-7d8303da979b
12421753012,c30a2042-ead8-46ff-a7e9-0263f4e317cd
17457892864,c857e23e-0a5f-491a-a3ac-1d593bcfafb2
12495462140,57314ce2-e3a7-42f8-9e54-3d1356ed964f
15802609345,55189f2b-dd5a-4770-ad49-cdaf1292162f
15550136081,47a2ffa2-c5cb-4f2e-9f5e-3aa2c19f8848
18481823054,08dda606-6022-46cb-8551-c762b01e3340
12093347600,ffa35c2e-e73c-4f16-9984-4f74f6548f6d
19989001495,57b4fdbc-63c6-4683-9181-b58e7233eb17
15094412813,8207d682-6615-490b-9ccf-eb6aa95b48ac
12898817650,8471edc8-68f9-4d9d-acc8-bc6ff661f636
13062432605,cdb56658-0d17-4ad5-a3b3-76b0bbf851f0
13630354259,e048ceda-5168-41f7-869b-d8941d67cbe6
12704250909,4f518d27-6c1b-4677-b775-c41b610ee79b
13395894469,fa64a6a6-804e-4709-a38f-6d4cf7bfed3d
18668448422,183a4d61-eb54-4c87-8730-c4ba93aefa12
14652371687,e4a04b6e-3aaa-4af5-a7d1-cc5a6665429a
16644222058,498b5edc-3689-463c-8322-630a686cfbd8
18123505853,7cac3048-d39b-4b71-85fb-52242dd4d3d1
18465848008,8471ec71-1c05-41d0-812a-ae8f663d9bfe
19254482998,71e41cc7-5458-4c1c-8a0c-2ed57940178f
16015275622,e5780b50-74f2-47a6-84df-1d3e0bb1f0f2
15714356467,4992aaa1-d89d-42c2-99d6-89cd0bdaf56e
11311128170,19e93b78-4beb-4a7d-95a2-052e40d0f20f
14526281176,0aed703d-b23a-4ef9-8dd8-cfca60bcaf8e
16824901102,e0e0c013-eab4-458a-b9d1-3aefc690d5b1
19742941873,e6bb59aa-4b2a-4019-a141-c8d0bdca3f72
16022778673,e80d4fd2-ea51-4f11-ba3a-a7cf3134c837
18662372585,3b8d6316-4cb2-494c-a8f1-dadd942b5f13
13990261315,13bbbac3-48fa-4ae7-b80a-45834ddec644
15884515982,859f1811-d017-41e4-b6e1-a3d7fbd96364
15936826303,a699cbc8-3eac-40b3-8cec-47935038aeb3
15461587753,cea16f81-2939-423d-b12a-1cb608dbb8f3
14961698461,e680853e-9e64-4402-a961-3be98f9b955a
13959678681,bdf3a1b3-80f5-4a90-b13f-757709cb4069
17829584156,888483bf-3e9e-4973-8564-c973696b3f53
14218607128,b6a93d28-5666-49a9-be49-7c51a2bcea68
12395725531,5b502727-9b09-47f6-8a15-c8c8ea329660
19591175228,be1bc628-5bf5-4612-a2f9-4f16e19d80bf
13081808370,306d20df-0ea4-4af3-99f3-0e1e1ac68949
11366907343,db0a2b5f-e7af-4a5d-a7a4-8aa8115d7ca2
14411645715,01f942ce-2cf8-4cdd-a321-75992a0c0236
12504649126,45abfc7d-336b-4926-8fce-abf0cefb4b0e
11639680306,c34117f0-a5c6-4745-97be-c40c64724486
17241771018,7ee49a9c-5536-4527-bf60-7332b4c580a7
18825703912,12d3fe38-de55-4e36-bd78-faf5b915d87e
11154393693,25751552-5790-483f-98b4-70797bb5e093
18206636746,8d46c470-2b4e-4049-93f7-5a7ed7e0d7ef
18391086698,f6889a71-0fee-43d2-8f10-1d2193404da1
16328796532,a33b195f-40d9-47f0-8231-c6c48f00e613
18564286597,6747da35-b8a6-4878-936d-778e8a85a907
12576301679,75a3808d-278b-4286-8078-e109b193323e
13424495719,dac02a44-e675-4943-9e74-53006072890e
13547109468,b8d9d150-14c6-4982-a0c6-12b025d8763b
16802395008,b5d88fb7-bbf5-4fa6-a595-be0d6faf0bb1
14970857098,6d4b07e1-67d6-4bdf-aaf1-9e6312349e42
13024256951,f7963949-ad02-4526-bcaf-142f69bcf898
15379808573,841829bb-43dc-4551-9f0f-864552193456
18607818060,791f31f9-580b-4337-88e2-553e6c4fa317
18907162110,791a9ca0-a5e4-430f-a643-a8feb0b1f955
18585678823,2b8be656-72c3-4f36-b785-06cefc418902
15072212237,6d0bb312-eeb4-4be3-8c43-f9fd7f4f334a
18281991557,c6b41e8d-7f29-4d8e-ba15-3aabd30cd7b2
19726572205,5e216284-34a7-4a63-aaf4-f56fad517f34
11395226450,2de67414-fd2d-4eb8-b241-49f3e9148827
11611345364,a4809546-7c8c-4fe6-b8e6-336e5823936a
19954933809,7d9cfd36-3937-4db9-9efa-dc6920c17718
19856631405,a1b1172b-d015-4b4d-a470-9cebde09782d
16609492605,057de61a-074e-4ee9-b659-4f9b155e3381
14300447356,70fb58d0-8b25-47f7-b8e6-48853a1a6d4a
18651389802,1661f0a0-2516-4890-8878-5a7f2c3cf320
11484056182,e7a81c55-e289-48ac-a1d4-b578fdb3b368
13266392997,d4198dd1-1677-41df-9cef-eb3951119ef7
11685074928,2a7970dd-eae0-43c5-8f83-1085cc93c6a1
19954471661,d6b290cf-a621-406f-a7ae-00af27d5e0cd
16420893213,110fe038-7bb5-4223-b713-42d557acef4e
16481432827,53c9e3cb-b2cb-42dc-8686-a9f83f860409
12375407656,8e4e7cf1-8665-439f-9e9b-cab928d79c7a
11370730664,7a5c7a2c-b95d-417e-b86c-e9c738285ce3
17781681346,289c05eb-476c-4baf-8069-83423df12b92
12150843763,596564ef-458a-435b-b6a9-922a4399e5d1
18109449920,529f72d6-a7cc-4ccf-a3b8-f912106b55b5
14468697440,6ea09d0a-4e5b-4fc5-802b-dadeeada9061
13023638148,46550b91-f626-4b1b-9a5d-ff2559070fcb
19815134498,b37334e4-23d8-4fd3-b88f-608cb547a77a
14125692848,0f0bf8c2-f264-46fb-9253-c37db916d3dd
16502131381,e2726849-3a26-481d-9a07-729602e37c6d
11741831600,fdf53b4e-5471-483d-a873-e155c42539a3
12484175838,971a180f-a555-45db-b26e-6ed60ac4944b
15749835948,b3e73d5d-e359-43ee-869b-12c66cde7383
15764886460,65a71f03-a798-4e46-a526-175daf916758
19329697869,5e864964-ed5d-45a4-873d-50c18bbe2edd
18579331121,14fda7f0-7c2e-4724-bf27-df3b4169e1e6
19202065839,a8eda965-4f9c-44c0-8449-0ec8d76af7c6
15963085831,5738f40f-4ca5-415d-96c5-54686c3fc35c
14037805557,910f4be4-c579-4374-ac1b-45cc86963345
15212655888,0f44f361-e18e-43c9-a320-f207d4dc97dc
18706438396,e75b9fe2-0020-48ec-8413-64e9154d17ba
14616884825,08678a14-99c6-4d19-b0c6-e88cb80b1c5e
12545492028,0fea4e4c-b180-48a0-93bb-9e3b635457a4
11814139993,6a6c85e1-999c-4273-b02a-d72229c69290
16414611657,b1aea79b-bfd4-4887-852d-54793c376373
12317278600,abfa9dbc-e00c-4cb3-9906-b23a0ea57d88
12260988812,a785b962-d7c9-4317-9c9b-63356358bbe2
14658494261,f3d094ef-2cfe-4ed8-8cad-f32f63f1ccbc
16390471445,57159cc5-dff3-419d-9822-2491827a0cbe
18800845605,0fd32a64-f648-432b-a54d-6f212db34132
16096088165,1b19482b-82b1-4903-9fc4-85638f94e5fc
17610506334,6f60f3c4-c319-4b26-80b4-2a3b44b3b105
15511936070,f541ee0f-b115-400d-b8ed-ea3680bfca1a
18757333772,3be5f3f6-5886-488f-a2a6-03f1cb8f9813
12394625280,7bec4b51-194a-4410-91b4-298d0ad479b4
12873236600,5a976875-2e75-44c8-b28d-1c299f86d545
16557444336,664bef50-ec9a-4ba3-a22b-1fcd258f3162
15558520843,d9fcf1de-5a92-43a4-acb0-ae21813f1fc3
13480701543,d850cafb-3b66-4d20-ab0c-1b89ea61f1b3
12355716693,641350e8-f6a7-4a98-8855-f24c2e9fefde
13628910880,7fc81916-b359-4525-896f-1f1c81fa5aaf
19365030843,7a1949cb-e0ca-4360-a1ba-30a60f0fca44
17272176248,39a39479-73ee-4c7e-a46c-f3bb75327260
13853842373,8472faba-3ed5-474b-aaa7-9e6e825c9c18
17677461131,d8490f77-e255-4052-8fc6-23b94de96daf
14869040821,6d519f35-3b71-46ff-9532-f0c6b7cfde87
16890872076,aa2b371f-dd62-434f-9677-09a915aa139d
18489105596,72f984f1-7c35-4356-93b5-4899a3f69ed1
16783535356,cba5ec30-1a97-4941-82b8-a248449f17f9
13677589727,cdce30ae-fc8d-4f96-9f45-1684c95d68bb
15183556953,381800c4-3456-438b-9602-6590c88d9cc6
16325062680,dbf562b9-ec7b-4ea1-af1b-1904fc6f6dac
17786637494,70d2f5b1-d650-4a55-872c-a870cb9277fb
17629813209,85819cfd-af7d-4e6c-a46d-23b9fe167d61
11538932100,5186e102-f2c0-4215-8937-6c3b8ac0c6fa
17790969912,71e074ef-1fb5-47c9-8d58-992d55ec6f5a
19043965161,2c5d77a8-12ce-4156-8e4d-88964470fba1
19210302890,9fe3d0f1-3593-4a61-a206-afac1f6c8852
16907879095,fc96cb34-78a8-4fe8-a8ec-32fe0a012fb1
17604932063,a347d559-72dd-406d-9a75-175b4f059ec4
13105847020,113d6709-1d28-4a36-a568-957b17fb858b
16291720123,da68a366-a4ef-417e-b364-cdcc05329556
12221122489,8505ee1e-2099-41d1-a285-5c28ea604f59
16697381210,dae92521-cb37-4a28-8b66-a698a469fe18
15912743419,60ba06ca-7eae-46e6-ac01-44cbfdd213d6
12823436844,cd93d85b-ed45-4e82-ac73-fffc2eccfbac
11234820223,9cf83055-f854-4d02-a7a7-29a2e06c617c
13081806019,56bdb13d-2682-42c5-b166-2f4ac6ae61bf
12588137103,a9bbe7bf-37bd-47e7-a357-ce7cd04eac56
15380136766,6def40e8-d014-487b-a7d7-1ee3f5c8945b
17404211234,529218a3-d5f0-4fcf-b76c-590bb92d21ed
12139893060,b9f8eb59-0dcf-4eb7-8f8f-f3103a0a1e8d
12303800442,320f945d-3b7b-4735-a858-17cb9e2b085a
12289459453,611c91c0-4c99-47b4-837f-20cfb1aad5c4
17279698976,3ee57ebe-4501-4841-a380-34b48af5da56
17656847676,b249b057-6206-43e1-82b1-9cc88676c478
13195418725,fb7c2eca-91d1-4b33-ae0b-4fbef70a6a0c
15727830689,d525cde7-76ce-4035-b3f6-c60e4365640f
11824602405,68acf6b2-d273-4f23-801f-ad569dd5062b
12782258287,e755b207-7733-49d0-bf9e-5cd902d2cadf
19716030422,76e73f24-e545-42dc-89b7-e16adbd15397
12053653537,4ceab3a5-7d23-4e7c-8e31-8ea5c7487a2c
16668128900,4245f64a-9d7e-464e-9b5b-7141ba015da7
15050145511,9878ab61-4c07-4751-9877-aaffd5ccfdeb
15004366664,ab48f080-49bc-45ea-a2e1-ae190e10ebc3
15537893728,ff1de989-ad4e-4544-a4de-198df91e4a6e
18036666493,00f98ec4-5b4c-4f96-90a7-a42abf19067b
17287390963,a7974634-1521-4c2b-9f30-c9f35c0c90fc
17430013178,75dcf1f0-e3ac-4215-9dcf-33e7538bd448
18236524542,04024404-4fe0-4de2-a8d1-51d3fecfc7fb
15413252628,45d52fa3-f779-419d-9937-9efcc5cadeae
19471120307,600f76d2-6292-41d0-b4fe-ebd0edb9d534
15369117056,9a5d55a7-d52a-4fe5-b7ba-3567d7f997c6
15542219248,c8d76855-30d2-40f9-a024-4cc80aa2f3d8
13630642422,ec4db8f5-f856-406c-9978-9cd08819b001
18564962006,b72201f5-27e8-4818-afba-1a25fd7c019f
16838294380,67e48feb-a6db-4f1d-8ba1-4b398dce3e2b
15261426321,aae311e6-d559-4cb9-9db4-a300bfcc76a0
17004975207,036da302-4d44-4626-93cd-de7b979bf475
11805136875,68ad2e44-08c0-4872-b34b-ae1c3a60eb6f
19554519726,404644fc-91c4-43ec-ad40-778a1c62891f
12718279716,8dd01e40-97e7-4b0d-a50c-a39fc7d300c5
19556799128,5be642c3-1c72-45b1-9806-6b233323bbad
16168845452,0492c117-6019-4820-a753-458ef4c5bc7b
19849772340,c11a479b-5ec7-48a4-86db-3ccd491a1611
12568172598,9e0003f6-f6d4-4528-9049-0bfb1a58d79a
16093786734,05d8e3ab-8479-4f86-b634-b0bf9090e6d4
16007332552,9bf0103f-5e94-42f3-adfd-1405cbe7ae67
17745989798,5b5b8a40-b09d-472a-b34d-3d22e0b75ad2
12381106958,0170fd37-3faf-4879-be1f-2a50ebbb47ab
19389800795,14a36210-05ba-49f5-80ef-e6b41bc71e6a
16344613002,fd699b05-2b98-4539-b6c5-d3b6aa4c8dc8
11689771401,7232faa4-0f54-43cf-a871-600ed6943c02
19187705608,761ba90f-e325-4a74-aeb2-1ad8549cb272
13189491530,ea4766fd-cf09-4b73-add6-8d634e8e530e
17997536150,88b9fc74-643b-4dae-80b8-639601d4175a
14877205876,051924d5-2bcf-4398-b6d1-c22a296de05c
17816026849,7970ef7e-32b9-406b-9587-0ec687a10a08
19744986154,a9f1bfe4-b890-4d6a-bf54-732bc08b6b5a
18830979335,35891ffb-ac7d-446c-a1a5-b589e1c0e281
13686202166,db2c17dc-ffe3-4978-a259-9e15980ee440
15815993389,57e51e7d-a53f-4b86-8dd2-82f486b76d1f
15171189195,ce8d2100-9046-4ee7-95f4-be24e83d1815
19200708131,de3352d4-2b50-4d90-b1e3-90ad41e12d1f
15622992486,2570d7c2-5f14-4711-a6ef-0bc0d29263a8
14455938976,b38130ae-9640-49a6-b5f1-18aee7bd6a7d
14563167849,acaa128c-e0bb-4f7a-82d3-22cb5a8d78bd
17065367017,bf02bc0d-078a-4f3b-bbf9-afa4c88de7ab
12536105311,0eaea212-e60b-4dba-84c1-c0e01369b94c
12733066201,85adc2df-d3ab-46eb-a415-f35e036653b7
19465868146,09c7b55d-22e9-44f4-b35d-dd3f32543f61
14825113538,6aaaccb5-cb1f-40d0-b294-5baeec1747fc
17731851384,ab0170d6-a88d-40e7-ac4b-492586318ac9
14498585398,920e2c54-7fe2-4955-9e97-36ea7276d079
19112434288,f2856845-e2c4-45d0-85f7-179b67ac9e82
14329995005,77545c31-c177-41fb-a885-88fe10049705
13612518055,4759f090-8a05-49e2-b7e8-b0f72268a800
16794979774,3c3b3ccf-2f83-4d86-b2a6-c49bde55e087
12614262403,fac39f00-b0e0-4756-8902-8d2b9cd54e00
18728781060,cb441da8-6181-4084-8c25-eef8d1282f9d
19763902768,57a1c9bd-4bff-4659-8dfd-5d3d2dd5902d
15668187781,08afe813-c069-44d3-b25b-f52988825a69
14873135684,6cdaa8c7-d3e9-427f-9a2e-c20b9f32c55c
11858684426,af948c8f-fc16-4fdc-a3b5-d97d0f7d384a
15091396770,fd4c917f-fa8e-4628-93ae-2e8c67c92013
11208687214,566a82cc-cdb8-4e96-9820-709f5c4d6f65
19645639668,8d9dcdf8-438a-44b2-a2fa-ba6d88e6ffd2
15412425788,2d3186e5-21ba-4a8c-8b7a-ef3dd245c9bc
16576418020,a6cb2793-7931-4f51-841a-0f51ee6fe226
11663331141,18a3e600-6a97-49c6-9bfc-e858d6de25c4
15719534751,fbadb74f-b0f7-41e7-8288-43e2ac4410aa
16095509410,78b90321-607f-45bf-b019-ef92a49494ad
13953887445,8c5dec36-8b2d-45fb-95e6-32cdd545b978
11619473806,1b480078-90c6-4985-8373-bcedbdee25b9
16537521366,0c892526-beac-4029-a778-22443c0be244
15136814168,27dafe75-5557-421e-bab4-662eda49f56e
11113316164,afda5783-58f2-41ae-be0e-ebad8f9dba45
16027805824,6da13554-dc09-481e-b58a-7745b1c99e25
14714977469,9f555bdc-a499-4a47-b908-a02096b7a734
18358533149,c884a745-1b81-473e-b004-4ba98ad2e1a6
13059039309,b25978d1-f4ce-4c45-a7e6-ad02d668d264
14965207499,be3b0cd9-e25b-4bbd-b375-ef494b3653de
11548023320,f85a42bd-4dba-4649-a0b4-6528300be308
12226381312,0d3e10e8-ab88-43dc-88a6-c8ff1df49074
19522053061,161752ee-e539-4492-ba3c-9e017c7f5b6e
17467595895,4affd738-8457-49b0-9411-d71b76783ef2
16202597960,65c92991-2956-4731-99a3-86c980f92c1b
14774251046,93800681-6177-4785-b0e1-687b207c0af6
16052354970,0162d839-db7d-4230-a30b-c0f75659b10e
13144240874,ee306d9c-ccef-4649-a2e8-89a9006fdbcb
15867243348,64eedd0f-945d-45d2-b25a-05342f7a6e06
16831309117,4b68da25-d81c-4336-a452-826a2702c851
12617257690,ebf606a0-d934-4102-8693-1b96932774f4
19154134412,e3eef055-c164-4256-9d5a-5ba9efd6811a
19329562038,cbe42c43-d6c6-448b-845d-a377d156cf5b
13512512236,9c292258-dc7c-400e-87eb-327d87292971
11946832668,7f785c40-c1a6-4d9c-b6d3-dff02ea05731
15503594181,c2108c04-131d-4f68-b1a3-5cf505540355
12983551394,8aa7cbc3-5e20-434d-b115-bdb4dbe07220
11493297349,cc04e4e6-147e-44ed-b8bc-29f7e98a2142
13339457888,1fff315a-184b-4047-8bbf-917f8cffa8d2
16717772360,2ae1e8f4-5788-46ce-afd8-b010b1ca7e27
11796512201,5f3a0303-36ff-4390-bce1-50485bf7ac98
18769808184,a372a805-5ada-4c59-93d4-1c7e408feb78
15054812591,a5c87fb9-eb1f-4556-9b17-9c3c8d9603be
11352338172,0a1a2940-0e1e-42fc-9f56-b7e09e24fc49
16772799386,cc363f8e-362c-4221-b12a-45d183bc0f97
18354463461,64d5ad7f-7a8d-498f-b5f8-ca27ba917eb1
19225448498,be68bf3b-2728-4165-9e74-e366b4113f2a
11796015204,94cee320-a945-4ffb-95cc-76361326b8eb
16677052547,b34db963-8600-4357-b892-07d0733d46ec
15847899979,ce49e95a-4b14-4254-86a3-a35c405f8c86
15529613971,60ed042c-5a4b-4abb-8ccc-4ffea5e65ed5
13606551813,5f1625e5-3425-45b3-81c3-1e84e6138a5a
17643455454,36a951cb-9bc8-4da1-b88e-ddc12abae0bf
18210537096,203e1060-91d9-4b31-a052-534588cb06a0
18541141213,ef3a020d-4184-4fdf-887e-3e042f856bf7
11498070781,10b8eddc-cdeb-4dd7-92c8-ca11220749b8
17001268292,4e6c99d5-e5e3-42d2-987f-0baaa05690b2
17998803277,32f94146-db60-4992-bccb-4825c73750a4
13323017198,c3cc941a-605c-44a8-9875-8dcf88a753e3
19845412482,9291ec42-d4b4-4517-a310-6c4db960f57f
15541001495,27dd5ae3-0caa-4a15-ad13-f93215cb5723
17311383937,91e150d6-6f16-430d-a28e-12d3c262028b
18522690686,05cf3f08-cb6c-420b-9382-209886300a5a
12487070647,a61211e3-7776-4ebb-9fd2-e542ad590ca9
16607774373,664b5e09-7fce-4dcf-8932-8f7712abad1a
14508130655,45323a5c-ae13-411c-84b1-06fb2903ea01
18591320175,8243d0d1-92e7-429a-9e65-dc4768554632
19615179440,929da95a-98dd-4965-9d0f-1a24416a5bfb
19674480133,4b8d7177-6006-40e9-ab9c-2e3ad8fbf87b
17076106156,d51a1e55-6943-4d97-bda4-929410e47f2b
16803810993,8d60c65d-6d7d-483c-b906-1eb6db1f8f0f
19960179839,0c5f7dd7-6405-4dc5-9c76-cc7fd5f07564
13010033475,40822efa-90f4-46f1-8074-bb3b8488ff29
17563795861,4e4bfa67-73ea-46f2-86e1-746e7e4d8119
15782484432,23d64a57-6676-470e-b05f-19574a001574
13942072823,5e18a8cc-5d86-4aba-8f7b-ca6dde26ca42
12047892057,058d8c9f-507a-47ee-87b9-8a84ef10ee71
11864908601,966c058c-7852-433f-9bcb-189da12246bf
14984770003,fdf02587-74bb-4591-84df-55bf13e56a4f
12926151277,e32b44e4-a706-4e29-83ed-04721d97bc84
15500404004,17993164-7efe-4c0b-95e3-d0aa680c39bf
14849814011,3787fc96-8ec3-4337-b7d3-22991a871f94
19424593007,db8d7ca0-f2d2-499c-ad76-b8f12ef0ef43
17973779076,7212d31b-cb25-4d70-8519-4d6ee8ef9079
18559880287,9637381c-a490-4679-917d-b524ebcd49f3
16325845876,3a9bcb85-3483-485f-981e-01835489043e
14215103693,e8cc2a6e-7210-422f-ae55-9a360632ac1a
18437549969,d21cdf6c-aa3c-4499-8e79-771469c4fcdd
15829983415,c97e12a4-0f27-40d3-a44f-e94a0492d81e
17574420060,10731ecd-1e22-49b0-ab8d-c94cbbce82a8
11339138755,c90f498e-8b91-4d3e-9929-c0e9caae9294
15430900334,d7af18b6-dc3b-429a-b844-2ae71b13f30a
19127895359,716c9d3f-2a7e-4639-a33c-f7a126c86704
14993575773,d54dded4-99e0-4957-ad24-edf65ef6745c
18609236265,db0f723c-0c57-40e7-9b7a-f250c3348255
13902584102,d258c78f-a6e1-4316-a10e-3ec68efd7413
13682776714,a1e3fc62-7847-48b3-b42c-c34ec90d8aed
17110711027,0be33a1f-3256-4f23-9fbc-57cef62c488b
16160432754,308dc689-219d-43ab-9ad6-e432b250b8bf
16385739052,80e86371-d62d-4965-b5e5-f10f4b80dea4
12767965885,c0c3400a-9dd4-4a1c-8bbb-f3a1d533d537
19063989259,b69757c5-455c-477b-b0d8-81992025b0af
13287576624,dd14418b-54fc-4aae-b226-9b9e8fd170e9
11764995674,a21474d7-7c5b-4dec-9c90-ff41ae3066f3
17275292877,4242dc78-6948-48ac-bc14-840fa9ebbbfb
19721074246,d52d6950-657c-4ba7-983d-fb5f3b55731d
14925422822,c679110d-1445-4f75-93a0-d5b5d6dc975e
14666082045,2a3b28f4-440d-45db-9659-0473c15efebf
14605406547,f6d90cbd-d26c-4f88-bf97-c77e12b02fba
12606150157,19b3b5bc-f9c7-4e00-8bd8-c8f9bbc71a0a
19219116526,105aa730-ad54-4431-be26-4f56892113d4
17477865739,cc554c45-8f45-4388-a705-6b72c4874cff
16409685796,365f1f09-2164-46b4-9a9d-c9bba3bf4c04
15857146014,1e48f2b2-761c-4a96-9ee1-842846902f9a
11758510925,3790089c-346e-441e-8051-d224263e1fd7
12771618191,1b8d567e-ff49-4ae3-bc72-9380e17277f6
17136561439,550dd40e-3716-40b5-a616-4af47f5f60c1
18917528710,6115833f-5e36-4e7f-b750-0dbbba4e4449
18109512220,4878edd1-ee9c-4136-98bf-a59a9f4304c4
14073632304,2a853eff-bb6c-4607-8244-63fb251de9ec
11177215227,5d7e72e8-079f-4922-8cd2-efada5ef916a
14047402921,5e90a918-3f70-4f40-bee3-57f1f49e08ab
14715873535,59ca6080-8d41-4bf0-9fb1-6045c0ffee46
14516124450,df9cf06e-5846-4efa-a6e2-45cf0c183a29
16031940737,05949218-b93d-474b-a100-1dbff70028a1
16574917139,04f2b381-69c6-4a86-a5fa-e71f4668067a
18315658207,b94b4053-8c6e-4287-9a7a-4082e289b373
15795314734,ed16b295-100d-4180-96e2-a6d0c18f3648
13524771174,96c0669f-21ac-4cbf-ac5e-d8b688870e07
13857833060,6da69816-864c-43c9-b831-b486d89d649e
15252432073,0f374ffd-bc17-435b-aa9e-fb7c2cd6d654
17357824936,dceb5d6f-82da-425c-98db-86b03154122c
18720569094,cfccc516-856f-4159-827d-86db0d398a5e
14628101278,e4787280-3a74-421d-9bc0-9372bc159a33
12863723804,ecdd004d-0cc8-4949-b853-f017d4ba798d
18701486088,c99c2f5e-ad60-4cc4-8b9b-ca4ba9b248f4
14906699499,5f767e6f-f538-4033-8de3-8685aa2b39d7
13908380299,d3a968b9-51ce-4273-83e6-9d6de917e7dd
19331716958,bda283da-6410-4ae2-a860-3aa7c07ffa38
12904859277,8e90d218-fe91-42b7-a4af-332bcd92062e
17050613858,1e17408d-5c27-470a-a77b-164b33c4b9f3
12111594287,939f949c-9d66-4d14-a232-ddcd3138d79a
17884118354,d7260336-1f54-4a4c-807d-dcc5906b7e85
18674633541,473d320f-ae5c-4ee5-a1c9-d0bd3a162045
17654894028,9d6f1e3d-05ef-405c-94b6-017e53b327f7
15103264405,78b92dc8-e60b-4946-a06b-8804c20c752c
12235596994,50150236-eb40-445e-8644-3f4b16b92649
17726483052,51bbdb5f-28bc-4957-a0a9-f7a7c67aee49
12143933085,7dfc542c-0b13-4066-bcf0-2bdd87466dc5
16382585624,b2c41742-05da-45fc-82a2-05af291d9bac
11008090950,bfac7fd9-637c-454a-8093-064ab5d33c7f
14104577301,1d8fc58f-8cfc-4685-9a15-1b6118c7b789
15011023604,a55a371f-10ba-4eb7-b3bc-7fcd5ec5ada6
16171199443,e6ab9e5b-11e3-4fce-a7bf-2fd5dacef668
19573069593,c89ee8b3-f5d4-461a-8fe3-bbd6d93e76cd
13189672949,6b6c6459-cbf3-49dc-8792-c901733bee8f
19868938566,04631277-436c-4d46-ac6e-4b4110a3635f
11106139683,1ad6928d-dc58-46af-9372-fac0d1c79cc9
18232151551,1012bc1f-865f-4c07-a44d-9b488d20f0aa
15203302613,2d73e410-b0aa-4866-8e41-76148cf13f69
18063190693,cb015490-b9dd-441f-abb1-e50118d90a46
17593011884,e9af208e-a19b-45bf-82d1-1613b680e547
19977604284,ca29bdda-fa3b-4d8a-b81c-751bd689ea72
12331659825,40735e30-e136-4014-b20e-e932464ce95c
14386748099,5de9f06d-bede-4f45-833f-c9b2d0583978
13253317354,bb857a1d-98af-44c5-ab01-104fe491a163
19102839380,b21f3bd3-90fe-460f-b749-71a519de6cba
19296226441,c6049f02-6ef3-4e13-92ab-29a1813ed7a0
14622750339,18c69564-1644-4b36-89a5-cb828570eceb
14190599530,b13552f4-f8da-4e9f-b15a-8a24af447baf
15446752000,e13c2829-1d63-4823-8fe4-15b91e08311e
13557311011,c1989419-b1d5-4d03-bd2d-7e3d8f4f2364
19616746498,9456dd9c-7326-4b41-94ec-801e1a203810
17737212271,5f4c2e47-4d53-4ba4-a95b-60f073b33171
19184712499,dab413c8-0682-417e-8d17-0f590674258b
19417192210,dd275b0d-1456-4416-aadd-ebf6fe9b78c4
18614605528,e9e7a29b-8a8b-4f61-a512-5d1dedaceea0
17976783822,b26141db-00d6-47fd-9dfa-f8c6318505dc
19287207232,a164b368-ee27-4d7e-aaf3-90e8cd3df391
15782980242,9ed998b3-db06-4214-8a39-902a837d47f9
12472608289,436c8143-5361-42e2-adf5-086d7c7ec89a
11869988276,513ab63b-b796-4622-a009-dfe28ed792f6
19915630128,0788baec-7cf6-4543-a05c-650cb71cea14
15214940444,b016cdcc-32a9-4fe7-bf32-e93302dc5275
11950274819,60ac6562-a7cb-4b50-b66a-e4a84538c589
14858226004,65e538c3-6f40-4573-8f6d-0e9d0e339414
12083516980,c04842fa-db10-4c5c-8539-135f7416f051
15793793494,29087e57-cf8c-4138-bf39-b8ce7996d2fa
19702673999,0535a3c6-fa80-4dbb-bd29-2bae5704c676
17571992079,63c97758-91a3-4f6d-bbd7-5786a58e33ca
14975821372,e0fdcf24-1e54-47a4-88bc-2e4518e538b6
17612108917,53139c03-43de-40c1-bd85-ce50e65efd55
16147278261,0109eace-5bc8-401f-b476-3bb5a6f08bb3
19141614640,4f4e44a9-2efb-43bf-ab83-139eeb8aee70
13529503618,639f2d62-0e97-45df-99ca-c41a971b04a3
14956661875,de0681ae-fe1f-4c3b-b7e2-c4566d3dcfa6
19700372543,8d29b165-f2c2-456a-bb87-e0d57253c96c
16203757286,bda85f6b-2734-483c-aece-9da416ec8371
19086315549,f787f1c0-def8-47de-ba3f-954259824654
17827999574,22771b6e-b448-41d9-b669-7bee5c8e3cd8
14588505517,2bc1a231-f18a-457e-bd61-1af9773d7642
13221070106,25213683-53ae-4f12-a9c1-e3c401d5ca98
19041863196,987abdb5-67e0-4beb-b857-774a889defa0
11761206507,c2e417c0-138e-426a-a478-b24d34a7c04b
13947181318,7045efc9-90ae-4c93-ab0f-5bc551f25256
16640211070,12d99357-600d-4cbc-a547-e6416f61824e
16840851847,3b36794d-b42e-4ec0-a205-6f83fbae2d72
11555439220,17edc1c6-f553-4c27-a230-26f4fc49a7e0
12725658354,238905b0-7f80-4d90-b9a3-794cd9fdb8a9
14763037501,66ff151a-dbcc-4be8-8e07-12179196e797
16250519888,1bdba27f-1c07-4189-8f96-a8228c935312
18026348403,dc95031c-94f4-469b-8e9f-0cb13a5a83fa
16344985890,5bcc00ec-3ced-43f4-b441-12ff5bf5efce
17216075380,9ad8eac6-412d-455b-b69a-722d9d102982
11414275687,6fd18fae-423f-42aa-8295-c5de34bcb991
14698486145,b9840571-d0b5-416c-9e18-b5e0b441f4dc
13090508345,78d85469-4b8c-4210-85af-144b5c706e3e
18679337451,4683066b-d8be-46a4-8c51-055b28f5cb59
11005003213,5390f594-6c42-4a1b-b5ce-ce63ec340307
13002380655,d0d11757-5e11-4f77-84b9-94e7738c7bdb
18727190451,fd979808-9876-4d4b-8017-99dfec7101a4
16039079911,3f0fa4f4-330f-4497-afe0-3477f9a318c7
13037140509,7eaea0e7-d612-4421-b84b-40f300123bef
14956680547,ba209ada-b1ce-4951-b7a5-74b789f1c803
17705906467,8d01de59-a18f-4129-abd7-4a9c40d96fdd
14311702127,17ab0445-f1af-4102-9d7f-5fff624b7412
16265358169,9073abc9-cea9-4d54-a2cd-227471ae7220
16749167932,9f8d1877-0a13-4242-83ce-1975fb4a01ad
19057031633,9c059025-b266-4e0b-a2e1-98632005cb4e
17315621223,f6479a2c-9969-4ff7-9561-51a61d239e9d
17664251149,69e7f3b1-b469-4d03-ae4d-3cd2854b2b1a
17860011446,208c96c8-57dc-410b-bac7-616535a6cecd
12719099922,04b432bc-be96-41c2-98e7-77527fa427d2
16597404759,249805db-53f3-47fa-a747-f81460bd4a09
19870531028,e047c929-5de6-4141-b8bc-0ce723d7295c
12338424181,9c0e4bf5-dd6a-4246-b5c4-148ef764647c
16602971617,7312c301-88f3-4912-b0ec-ee10f645dd57
13090765625,547f0c1c-7d73-4c22-ab0f-a061b47c295c
13366031514,3fe154f3-17ac-4dc9-9eeb-00173af3e9f8
12326422493,bfb8abe5-3898-497e-8e37-0aeb951f2df9
13411330280,ae7291fe-bb51-4de5-9f8b-2b3d717e4d52
12882832875,7c7c5daa-d029-4ab8-956c-85a00f534958
13737830345,6bb1e205-f273-4551-aa05-cd9468f555a0
17758620469,a9e00d91-77bc-4c3d-86be-a9e324e59067
18572934395,e0c831a1-4e8c-4ae5-be5a-73275e652a52
11872270506,9f37e98a-1a69-4324-a432-f0f045ea96dd
12118906077,5c96bf0a-cef6-4520-9bb6-09627d945449
15367477598,a218a305-a56b-4f24-b8dd-48e74817acf3
19667189175,cfc9a35b-6967-4fe1-bd57-c462a2408213
14123654212,3c2bd574-0591-4194-8015-ba37e95ed61f
18616762883,5ef7ea7c-0cb7-4c76-bdfe-9a94ac9920fc
16176210078,badbeb88-d0f7-464a-9d4a-0c02ee993b26
13626340676,571443ba-d275-4f6c-bc2f-bc01c0403af3
18923079087,070c2dc1-795e-4ba5-b61b-090ef1cf390a
19208892532,4fd119df-f1ce-425e-b46c-2e454b90175b
15268747774,615f98f2-2843-4095-8c15-f3c67a4274ae
19041406906,6734d450-e3b0-4361-9250-18211f162793
12748821912,e654dde4-2728-461b-bc76-7ae742467748
16251540738,6d905df4-e7d0-4655-b066-e8487863f57f
19246232405,49aae306-51dd-4a71-a4bb-e587359ac318
17972159860,6d192843-fbfd-46e0-a7b9-afeb8beb0d57
14534051430,038a2d16-c0ba-4cdc-b39e-c520a4a9878e
16836295947,fa3a73cc-773d-4c43-b686-94171588a54b
12782268593,39203af8-09a9-4ff7-be72-f91896d8d267
14288439175,5d772230-d121-4423-93ae-e09b7e9d9f80
12308371367,50c5215c-0a7e-46bf-9e5d-86357caec806
11977074913,a3ce5756-97db-4c53-8af8-dc7455052493
11090629032,42633f92-3703-4cd4-bae7-3ca1b202adc2
11980675951,7fb85a07-1f5e-4e78-9c55-2684a5f2cce9
12685528688,00a54d1e-bec1-4b3b-aa30-756048fa878d
16829668783,c0d97256-8942-4ecf-931e-8d36c18363bf
17211480785,4e433182-c22e-4666-93cc-f2c0df61a5a7
12664155860,fad3d846-f330-47c0-89b2-6cf2880a6051
15741253670,1d84f31b-56e7-4c1f-be9c-c57ebd71c558
11327177281,28c6fe63-7163-41ec-88fa-8b8fe08b85ba
19332949927,8bd3f085-1d46-4fb8-bc26-e0033aeed22f
19497665222,a15832a1-165d-4fa0-b550-3154aaa0f29e
13060615977,aedfd1c5-ffe0-46bf-b021-299e941416bc
11573412949,d09011dc-0794-4d7b-a6a7-7be08b2881f6
12792461063,5092132d-8aaf-42c4-8319-19957c1aacfd
15700906750,13587984-0d12-4336-9f3d-3f566a19669c
15289297277,b89e320d-1ff9-47f9-9013-c4d06f26a94a
17135882907,1cef3892-bade-498d-b0ca-f1b0eff556c4
13539602404,734e1666-bba8-4b8e-ab57-63cc4e515910
19166783431,31c2d8f9-22fc-484c-a20e-c15eec20e324
13985283491,ec254fcd-b8d6-4e14-894c-e470f2ac6d7c
14676257230,07fa29f9-f64c-4497-be39-1fcc1c71d6f1
19948716246,6cadaed9-c686-43de-bc6c-6a183044f7ce
18286969185,28743c98-9ab0-47c5-8b18-2670f43f64b8
18583482867,a35b5c50-8ec9-4535-ac77-ed8033bf04b9
14439773428,bf3e44eb-efa2-4dd7-860b-d46bfe1fe5b4
11780010027,f58943d0-6fa3-4355-9471-adbbb5cab344
18512491847,d574da49-41d5-4986-88ba-77bec146a10b
14129558612,c3cbf973-f072-4410-bcbe-be0deabb80b2
19127190667,b221596c-cb3e-4362-9534-a740bea3d83a
18381252248,2b425531-9d59-4f76-a78d-5ec6bb74e28b
18910507940,d2203a4d-8d11-4bcf-85a2-9a6476996c6f
19742903155,ea237995-1fda-4e18-a0f7-62b9147334bd
15549155036,6eac8985-6c27-419f-8c13-78517065b7d6
17774428303,7912a035-1783-48fe-a452-476458b68100
14848991148,6a2bcba0-4a90-440f-81f7-64221c47c08b
15582034931,36e668cd-078f-4f9f-9094-8abcf2c9034c
13360924560,f20baf53-6cfb-4a8e-9602-29d2624f94e7
15460511951,273d3c17-7850-47e7-a655-598a86927f6b
18716765330,76e9ed8c-67c9-4d7b-9e45-3368f2ab9fa8
18785025787,88e9cb77-f00b-41a9-95e0-7fb0474c0a0d
13904419172,25cacdab-a1d2-4073-a0a2-c7b0b50dbd89
15329050902,39572d27-0060-4da5-a999-2dd49f689308
18408777441,3b90e408-99ab-473f-9334-80744d503c32
16766701021,eb45dcea-aad6-4691-b3e9-082dd13a8600
14263119119,92ec0621-364f-4bf3-9264-3c29c44ffed3
14030640221,ff4a97af-50e8-4075-b6c3-46c7919ceeb0
12612625117,a844d2b5-7d29-4f26-a00d-224dc6cd208b
12981988229,0e373977-b16c-4384-b393-7facb6ddff2c
11360191208,a372cff7-ae37-416a-9b20-1651d9a02498
15941336387,a0adf9eb-7269-49c5-a23c-da09fdc1ac94
15851915236,fc234a3f-daf4-40f9-b907-736a5f9e46c8
14806433448,5fbcb2db-0471-40ec-8a69-f892d3fdbb8b
14868871914,7078331e-4ba7-4ceb-8a25-e6610a439ef0
15689370671,829620a6-2973-40ad-8428-22efbf9c03f5
17495258936,7557cd1e-e1fe-4f3e-8b46-113869a39591
19343130327,b74b21c1-c02b-44ac-831d-ec559938927d
13699300479,d1407acd-4810-43b7-943c-b953d0a0eb39
17220768611,5007ed18-65f7-40e7-9334-ed1221f6f8bc
19095571112,6d160213-0162-4d89-8c08-e706917b99e8
18761605815,3995ec16-c481-4123-889f-e3920ca5ea00
12370393247,f1e62c6f-03b3-4128-b142-6871643fc7cd
16569260497,2908afcf-7c57-4126-93a5-eee2044d5055
14130884524,ac0ac601-564d-4543-870b-c477d65e4fd6
17014753912,6593819b-b64a-432d-9f63-e6dd6d6fdc21
17541022404,40a8f873-986f-465a-b438-d166f0730540
16304058992,b48b5d6d-83a8-4e34-963d-9e7c3bf1dc08
16365574309,55116fb8-4f74-493e-8b8c-c7b1b5b933a2
17307160554,7dab3eb0-caea-42a1-a2ec-a56792feedb3
14518802815,aec84632-f9eb-4ae4-ac51-7c95d4a32a40
18877762662,d1e063e3-e23f-47fb-b453-8ba124d0c74e
15132847163,19ca6bb6-06f9-4508-8396-c13f5aa71ba4
19221988877,81ea8a0a-ef8e-44bf-96b1-9a799498a852
15805284774,e10c2383-c79a-4dbb-b69e-0b67e00b08d2
19260681078,63a622b3-6230-49aa-ab76-bca930d595f9
18657481564,5bafc31d-dde9-44cc-a9fa-b392d076ba8e
16511313930,a0987b02-cb1b-4cc3-ae0a-7f3d19514c07
16505791271,88ef1dbc-e7f4-429a-a888-ea8eca6b5091
15202103953,cfd82ec8-829c-4499-b515-fa2b1bf2f093
17048637726,7812379f-2924-40b5-b1b8-7d02d56cb955
17087862514,66a1b877-6c65-4622-9bc2-36a29070ae1e
18630209158,aea37007-a1c1-48a2-b70b-577599c9398c
17554902927,0090b186-2f0a-4493-a325-d43d358d232c
17797547609,8a8b5556-0cb2-4f0b-b87a-f91d6a49d854
11714428104,99cdc240-68a6-43b0-b517-db1abf95fe7f
12342055820,567b0cb4-cf10-4015-801b-f984cbd66ee6
19105034186,35ad960a-acb0-4d39-9dfc-0366eadb7624
19152643827,2f9f408b-426f-4497-a3fd-7f1d4f6a6b96
19696945651,7b94c9f6-4dad-4f39-949a-cc087c81a26e
13337840792,71f1b0a4-065d-4ccd-b3a4-e6a2760bda49
11518414458,112ffd76-ca0e-4d7d-9e3f-682a3466bdb0
14219970855,42dacd4b-1c12-4140-b412-7ef0d591c9ee
13012511985,c7fecb55-5e0e-4494-b2a7-c57bbde9d603
17090188925,8f82d96b-3dbb-4ea1-9908-d7c28d2c1e89
12319844111,af648abc-4ed2-48c0-aac0-6ca392a7fae9
18858176838,b877308d-5df8-4d7c-8948-ba8c5d112669
15401214770,ea288405-fcb9-4d5a-bf50-e66a7123229d
12474762077,c37e40be-4343-4322-87ca-921e5270b056
16635829934,de7c7438-130f-4031-ae22-6eccc4c193a3
15835199692,47edde0a-e19c-4739-8869-4df654be9df1
16340148215,15a66d62-b1be-4ca3-9d8d-42a92c3caede
18665258270,d661fbcf-e0d6-4689-8cac-9dccc13857b2
17920327795,950adb0b-4422-41a7-8bc7-1b3c77cb4534
13623381794,07cc24b4-7f8b-49a3-92d8-9f2f45f3b628
17167331806,4fc89c65-6ea9-43da-8aa6-ba46cf27f4aa
18512487934,0a4a5d4b-ee68-41c9-9bea-e1573790ae67
13608064095,25a72163-75c1-406a-a3ee-90768570ab4e
18060812446,a1353e42-c0e0-4ff3-9787-e0c653a402ac
19813546499,289561e1-8b5b-44af-8720-27294ee5cbac
11007153512,5acdd230-7d8a-449f-9e26-91443222e365
19569925452,f6572d47-a608-4fca-87c7-33b3c2b543a0
18235128396,5a418e7c-1338-4875-a056-da962919e9dd
19127143800,2eeba4cf-f592-401a-9aae-3b3e4bf24b90
11189715583,76571caf-aef4-4d52-83b6-7434162f4ba7
15483728804,79bf4b07-ed0a-4e5d-a276-4748d274b56f
12852413818,67ff06a1-e900-46e2-a41d-c54b5f194a2b
18831638220,9bb0cedd-35a0-4151-9956-64a7d95bb5b3
16189866586,9c2abe94-8ac2-4de7-aedf-153dc2c964ba
11439475173,f38e895d-20df-4b50-b072-6aa2f6fc566e
11669201495,28795443-f967-4013-960d-e47cad7f11a4
17918645293,16345aca-287a-4370-9552-6b332521247a
13500344866,4be1feab-310f-45f7-a0ee-cbfc53bf7dd6
13814277542,27b12f91-9c1d-41ea-8444-1a693037210c
13919386142,7b315da9-594d-4d80-b40f-028b45420862
13309469383,94d8312f-fb67-4529-80f1-99dc982d174b
19743261228,1984e29d-20d7-4531-b609-5d61bc7ccf3c
12359735666,20e702f2-7527-47a4-9acd-e8fb152b9c14
17288911759,91cdd8bd-0a37-4083-81a0-2ae47dd51626
13517020925,2fc3d5c0-510d-4ad4-b6c2-8fafc445a9be
13657482924,7b11d721-2dee-4957-9ef0-d588ac90e53c
16280330329,5b0664ff-f9f5-4440-84af-4e6f3dfe39c7
16444823913,7ebec7f7-0f7b-41c8-af4a-1290ec723c89
11121802795,7cc1cf35-c38b-45a3-85cd-aab90042ad03
14545844359,d8728e15-0ed7-43ca-aba2-dad99bc3741f
18252724147,55f7bf98-9583-4c48-84b4-6ffda9b4029a
12763303548,1bd00edf-fa7c-46e4-8032-5ea175a89e44
11123245930,e5fc08b9-51e4-429c-93db-19e6111f0e97
17363788479,b18c307d-bf62-4fd0-aa9b-148fa092b727
12685146496,6fa635a0-1a1b-4ad9-9ee0-538c8bf80ac7
18735113275,48d68877-3fcd-425d-af2f-e43d189741a4
12361296649,468e6f8b-bf60-4fd0-8a77-76fbaa51f36b
12903003701,5970a9e9-8b34-48a7-b0b7-9ad371671a06
13153388803,1dae5a50-6c45-422a-8087-b14a7a43352d
14914450306,53701b1c-20c9-4377-95e6-7036e78fe29d
16111067061,8f052b54-84a0-4dee-b46c-dcb56d8b83b1
14773449155,7024c9e7-cc97-4e3c-a061-251b61a4e773
17142974877,4ac8eaa3-476e-4e71-a4c5-448626176607
13552321467,73cd322f-681e-4746-9644-1322d90fc53e
18310099209,ca5c3b8b-dd36-4ef3-96ff-ac4a062f4545
17197159398,4580771a-95dc-4558-b245-f5f83c916fdb
14743803933,fe362e71-e258-4857-8ff5-e39432e25c76
13246060223,f381a1fe-fcd7-42f7-9a7f-e27da9b49113
17054152772,bbdbc1e2-97b6-474f-924f-7e42afd4ea70
19559681007,244b4166-0968-415b-a4e1-876c3f57e389
18254733432,2acd06a1-6c6e-492f-8775-b04722bfb085
18457828168,e5b577bf-080d-4df3-9aef-6a9cdf6e4209
11391016693,01aa01d1-dcdf-4464-9218-a6144a98624c
11841956949,a6f44375-8854-4769-81ca-80aff9402e31
12676707217,9d9c23b3-8752-473e-893e-a0befc3c1174
15907151209,12966fe8-8d0f-4587-983f-8b18d7d8d95e
12275979510,8b89cd6c-319b-4453-89ea-26a4f0c595a6
18144024534,d7eb4e90-a9ea-43cb-ac77-62c3e566102a
12323497823,a3302441-fdb6-47b1-afb9-04419abf364f
15566495296,ff393172-16e6-48c8-bfd7-daf8f4b680b1
11347264681,be70a231-51e7-47d2-87fc-1da79be75a8c
14236410393,677d535a-e5b6-456d-89ef-cd617e92c748
13423965735,46d2ccd3-2b81-4fe2-a1d8-4a273f024605
15320341435,44a6ec2a-154e-4399-8b93-c2bc19409519
15031860574,2b81be5b-446c-4994-b97e-944132767b42
13788494377,0fe48124-fc28-4873-910e-a2cfd288c275
14669893720,a7905c35-758a-4f62-9a9e-7d6bbda35804
15619986812,ada4a859-daf0-4664-8b58-464d6f3c9c6f
12968673848,ac250417-97f6-4760-97c3-909b37f91a7b
12542704772,168a2d23-096d-41d4-9ebc-812c4ff8727f
14502131777,b6c49bca-e7ca-482d-bdf1-8eee519d384c
16387028336,3dde1c6d-a4d7-4887-b248-8e5c1d3929fc
15000317294,681ac116-faeb-4a54-86e3-fdc1115e2b3b
17293155561,0b0cd846-9943-471b-a89b-8a00fd20e250
16596422543,44652053-c8fe-4b79-b4d3-2ad4b36425ab
15428816362,a3dbd229-416b-4981-a26b-8d337f62b197
14504802106,1c532056-5e08-407d-b758-0fe9b7629daf
19229204098,dce2977e-0286-4720-a2fb-28b131fa75ac
13453583442,49060f57-3342-43a8-95c7-7fd35e070524
19243984793,89b170fe-a65e-48f4-ba9a-7192669c79bb
13820795697,3b98a069-4109-4a44-b554-c05433f7bbd3
12551303242,a8fb9ea9-e73d-406b-be9a-c6adf19f631f
18021466220,a3606633-bc15-4c61-a1a6-ab87009e479d
13453885373,cb4fd207-be5e-4199-8919-9cec40b31dc4
15226661403,5a89364b-8e29-42b3-9ff2-3302fc08810f
14867572738,93a3a9c0-981a-470c-9335-b2f1a6c7d896
11776238831,8dd1ac8a-6f7a-4a73-9fb5-c88467bfd6de
13214520212,5ca0e64b-ebdf-404a-af74-acfb68793fb8
15899492388,1ecfe4fc-da20-4c79-9b67-950a9cceca1e
18644894487,a3c68637-c271-42de-b1ac-41aeeef5fbb7
18347774873,041ba31d-fef0-4c19-893e-43b284d39c98
17750479879,159a4596-80d5-4aed-b0a1-f5bf7204752f
13112754003,0bf8bf86-15d0-4eb6-900c-b09bb15b4ce9
17403246550,ae58e239-fb34-4874-9c7e-9146623a0a61
15069100902,79752088-ccc0-4b48-a687-c58ccd984df9
12774850195,5057012c-9b76-455e-b682-49d955b7e08b
16478128118,cc9fcd52-0825-4764-8737-b34883ceabfc
19648052204,c73434b1-5520-4d40-8d4c-ed8f761c9755
18595462865,5609d24e-5236-4ada-af26-f85910d044ab
13696626642,abfc9904-dbbc-4de5-94ac-176170d04c8a
12808076697,3a04c587-42e7-4a92-ab15-1195410e4efe
17227724509,a56e0f90-5c74-42c9-8362-43d0e7668796
11867655170,0a10a3a9-4357-4ba2-b546-2afeb55658b8
11463679246,b8add463-58ed-4257-a5c3-703de8cad270
15774300380,464fbd32-ea4b-4efa-814e-7fabeb82ea24
16528640019,734d3665-4ecf-49fc-8ddb-f94d4f9623c9
18106235633,ff532e05-8e17-4f62-afcd-47c9e04cc485
12819992542,110651b8-d3b3-42e6-9ea7-af1c31604a06
12034822026,dafe302a-119c-49e3-be17-d0efa0dabef6
16088498848,5fa34798-670c-4bf7-93ba-be8f1ddbc0b5
11447394684,5a111be8-4b65-46b5-8988-8189872c93df
15724199768,d899adf5-cd38-43ed-ab71-8c3d9f2a4c5f
19864791126,3df0c983-873a-48d9-b38f-391697af2154
11431105788,df626096-1a75-4e62-8061-dd384e074852
12160018098,1dfec717-dc0c-49cf-b8aa-9c0415f6bf39
15972339503,65fff7c2-2c6c-4408-b1ab-15e170fcdf09
19913059485,6103f4eb-05fb-4daf-b874-61726c61837a
18055571503,233d56ce-55d6-49bd-aeee-26140e048937
12159852834,e2166514-fcf2-45f0-8fd1-4981277bd30d
12305268666,c28ac08b-403d-41c5-9769-6914692bbec1
11414322796,eb0fb036-2cd7-4b43-885b-acd82d4b976d
13956346373,051cc22e-51e5-4062-a5ba-1bb198fa024a
13674795792,1772e2e0-5816-4936-ab7e-d343a0b66542
13601006386,2cbe0def-20a7-4dc7-bedc-ea77050c375f
15407861756,87d68574-d8e8-4c24-8bed-a69fa347be88
19836896777,b24a59bc-eac6-446e-a976-e85d95329968
14932834109,752b7a75-8b16-4900-8396-d1961baa9bfe
14267780274,46f11011-548b-4006-b0a4-ee2af25c25e2
15522671778,9689fd44-4fb6-4011-bd91-8b2c0729b6bf
11898222641,4acc82e4-3438-4b01-9cb3-dd20bc44dd44
18677281059,284ff42b-ea35-4ef2-8665-3534985ae91c
12457830495,2586fd81-d497-4765-9b46-c8cd649b218e
16527265052,68ace3f0-004f-4e29-8ef7-7d9b1d2c3736
12427906645,3ca1fc5d-113b-40cc-b6f2-9613e9b0fa27
17494454671,79cb8bf5-4015-4bbe-b8a8-ea6feae5885c
19907214734,230f54b6-ba36-4c14-8d3b-0ecf75a091f4
18543258995,a3a932f7-99d2-4406-a20d-aaed5d7501c8
13148051940,2e39df95-0a2a-4b33-92c0-b719463ae3a4
15572384805,e4a43525-84ed-4295-8a12-b3e7565c83fd
12638833191,bcc41f91-e5c8-4bcf-9e4e-7cda39910ad3
18964128383,f50daf64-02ce-455b-b23f-d6200cee7368
19009702463,934cbbd5-0236-4d1d-8141-cee025500bae
15857788019,17605fbf-bb6d-46fa-9591-8eed47475a0b
13269406005,ed700a19-7555-4965-897c-f42ffe7caeff
15873498838,b43827ad-71e0-4e76-8d63-7015474c9a2d
19246961230,161e1692-c3d8-47cf-9851-c1a074046cd7
19410528243,93ac72e8-f126-442d-b080-f950ad00ba64
19803905192,e1de96d1-0f32-43c1-886e-eb42ff247028
15233339967,240e7001-2dae-4566-a63e-f5a959d0c50d
12180311370,c1ba19f7-fddc-4d06-8f93-4336f4b554e8
19073935863,446f5580-6d06-4d2d-80a2-b62473770624
13195490124,b4d7e34e-a62d-42f3-8228-38e777301d8b
19455807732,39218a80-5197-45c2-a2f3-d32bf300a161
18513847197,675f64f9-b1e7-47f0-9e05-35b484adc0c8
13500208379,b4aea1c9-0baf-452e-bf10-45427c42baac
18129968362,578ae2da-5e74-4b85-aa88-9eba285cda6a
12622213823,5c92729c-4392-425d-ba5e-233096b70bcd
16849014580,b4a940dc-9975-41e7-b0b7-0a32c092dd32
13334552435,632c0f01-e500-4453-ba25-ce096fd82518
17799893745,a3115491-232d-4df1-8597-a6b3d06f9b1f
17237002836,508149c6-42b3-4b8b-a715-51c5f5cb6599
17370435477,03224fc8-0e93-4ab0-aa36-3921b3f09273
18993423814,186198b9-a075-4f62-a37f-4e8f0a15a767
17366094916,46fe96dc-ee87-4e08-9c95-2de17aca7427
11904457335,2cf2e824-b7c7-4dc3-aaff-a508b83033d0
13727555426,cac0a3a9-5740-4d3b-a834-40db99262cd6
11889052852,7c42a2f9-b1fd-4cd5-82c6-80d584708b25
17955811300,e3e7ba25-f8d6-41ac-b802-5cd5dd5a8060
13175756609,89893e02-0276-420c-b915-80d0ab44d2ac
11239728315,4830c2d3-a9a0-47fb-b647-897563aa40f7
18789858537,f9a6fd33-832a-4c6a-8f7c-8154111b9ab4
18871849506,c648f1d5-6f19-4a6c-be71-45c7db3419fa
14519769404,d136062d-8117-4623-8dde-5df8fa2f56de
14910221308,f9471a50-23e6-4fec-a0ba-85e9bac8e71d
16814664452,7220e29f-531f-436f-ab0e-e7d98bf3ea90
15770749494,8ad97582-97e3-485e-a9d6-91fe1c084c86
14708825677,6d47a226-b667-437f-a325-62de92e39f71
19859824069,525970d1-dcc5-445d-a368-e8c21b64ef5e
19567132138,50e3ffc7-7235-4c33-b1da-60643818adf3
12718414128,bfc22e19-7c9b-43f2-b819-6e448d5c267d
15581588133,50d30599-c6f7-410d-a7b1-14219a7d7d94
15321172593,a66430d4-a3d3-4beb-8ea4-618df0b775da
13055209475,8c81a5b4-409b-4f80-8677-10a41f6aba71
16539672096,45d3252d-d054-44d9-b541-d7987e7212a8
11260312097,c9921a69-5ad6-4e59-8217-bca3c8b61a6c
19441413416,37e5efb6-53e5-477f-aa21-38c2b0c0ed16
18723856055,d9624d5e-065a-4271-a4c0-baa6fb649585
15686014576,83576402-0d6a-4f2e-9abe-a707b5719f78
19021029616,249ed782-9a0a-4563-b6e9-e18aaecd5f5b
16790126469,51c62be5-84da-4f08-840c-bcaff537f88f
15802137808,c49774ee-2d07-435f-9f51-1ed14e20fee5
13668673971,76f6abf5-0e4a-4491-88c1-c24a73963630
14208579377,27ae51ab-10e1-4d9d-a908-7eb9f789557b
16091589125,f9eb920e-c118-4779-82ae-f9d98701c62f
17956579893,ebb00b19-8c00-4216-9cbf-a900296f72bb
11829708773,08fedcb8-8c17-4c65-af72-0aed42feaef3
12681835126,1d1084fa-3e68-41ed-b3c2-600b8b807afc
13495164748,6b780a27-bc37-4d53-ab9f-66e3ccd95d1e
19526519038,b91557b7-799b-479d-8dd2-bd1a0b8da0fa
14554523003,05e6e014-b673-44c2-bd07-b7ff3e4a22e1
12455879919,b91078d9-3d09-4376-ae83-e6c43876ec4f
19445735918,d4e9ec47-aa05-4888-8f00-222815b99e0f
13266560609,d1dc33cc-cbb6-46bc-81fc-69f8a7ed1fcc
18562792186,30ac64f9-683d-4fc4-9e60-9cdbfb44c919
15197328674,acfccdec-10e5-4109-8e6d-89385753c780
13471821603,1fe4e46a-58a9-481d-ae73-52d2ea6d0809
13289492048,f3d107b9-e01e-4bde-96b6-32da8385e006
13390124615,de99808d-196e-4672-9129-2f7342fcdb42
18019794938,d320febb-79be-483d-a27e-c5ae7fef45df
12072137589,90f5fef0-47ce-4988-b0d4-0b8cb0e904eb
12294941049,73eeee9b-3435-44cd-8947-d00f2f35d26c
12604612794,702e1676-0adf-40c4-aad3-65753252472f
12616290536,0c5b92b3-ba8d-4a73-ba54-2754d4e829c3
18845822981,f959a482-7dbe-43c5-9258-f7f2f1219f8c
13208541903,3628ce86-bf2b-46db-8d7d-72ea2849ce9b
13343574325,c7c5ebb5-d30d-4a6d-9ede-c360bc3b3301
19782763694,039be838-f8dc-4427-9ed5-2e6d6c0573f1
11277048547,021dab38-e79d-4edb-b58c-7f4becda8341
12430174978,4f2b6db6-524e-47c0-aaa7-2621f6ccece0
17219321601,e7394889-579f-429d-a497-6618b2fcafec
17434502720,c458c945-6056-4deb-9c49-cee231b1859c
15534505712,aea2e23c-fb85-4e48-8734-d7e78c8b14ff
16864546130,bb4969f9-7c6d-44ed-8f97-bada24410415
13861617130,b4847172-8b43-4b14-a98e-e432bed21ec1
13173039485,c6b2694f-99b9-48e3-b110-8b65b8d37db9
14995303612,0748f1e3-c586-48ae-9726-75ac9e9538fe
19671690882,db40fa9d-cee7-4169-93b7-8813e4e31a9a
19500455063,75ad30aa-3abd-406a-94da-b1a14c34e5b0
17340093183,088cfcb5-796f-42c6-8ebb-bac2eb2e2586
11866450580,3d318d88-bb12-40f6-9961-afe9144da47a
17543864884,49001005-58aa-4119-9c7e-b247baf75248
17666009655,5816c1aa-1c68-4d0a-a170-c1e951e31c57
13327030103,4b9ebd57-1d96-4499-8b5b-6ca18ff33a82
18888008825,7cdeaa80-27ef-479f-9096-967080e2fdeb
12849834504,e2aef442-9fe1-4f98-95b1-599022acafb3
19009010963,3ca0a697-de9a-49f7-a563-e06f254cd5e7
16127501409,bf9c521c-552a-49f8-8b35-3be0f0bfc6c5
13306169476,1fe06aae-6a6c-47c9-978a-0ff9e1729e8e
15262477368,54f65bc5-4689-446f-b425-3132124d3895
11379294323,fa5883e7-4a1d-4130-b2fa-ea56a67fb50d
12716895930,0a703cf6-9865-42aa-b28e-77a5d0267a40
19536788511,5e99072d-ddcf-4b21-b860-d550cce9d563
16902334354,4bcc1d3d-e688-41de-8fcc-7883bb268e1a
15907971158,7eb32f31-2741-42bf-8b1f-ec0b8380e281
19398079077,9f056876-7137-4c0a-9c18-14ea6ad3e7fd
12992310141,e40049a4-8317-4364-914a-48f30fafc204
19730768468,01b88490-5e57-4781-ac57-48f8582e2e71
18434493815,16c255fb-dbe1-4a2f-9528-2457ac0b9e37
13147049188,e541a0c3-6d71-498f-95e3-f6ba88594390
14527552358,0dcfb4a6-9cf7-424a-99dc-69adcf16d8eb
19709317146,a7e9cf45-e75b-4576-b11b-3e3bf2392f13
13659413715,472b0e15-3e48-4f74-a12b-1cc8b2abcac9
16310474390,e890e191-8fbc-4d6e-9efd-eb50d4287429
18524988206,3a455521-2af0-4f7a-9273-3f32b1e36145
12170174540,ec75dab7-3791-4ec9-97c4-044609e73ab3
13670829122,6976cd3f-8be6-4df2-8633-2756caa4ea17
14476252989,dbf3a33c-4fec-48e9-9d6f-03ae3a6e40a3
11527611336,4c96fcf0-f695-438c-a203-e5e659365b4f
17458359170,785d43c0-b8d8-4c01-83d1-d2b85ad71347
18202866942,fea328f1-334e-4279-8fc3-c071028caab1
14722373609,185d8931-eeb8-40a1-a61f-f7dd570c6adc
16657833246,1921b093-eaa4-48b9-841d-8d1e636f1ab0
16049667102,92968f28-f312-4040-8766-c0530268dc5a
12197492941,4e022567-3335-4189-bfb3-6c32822c71b8
14048844760,2e97e5f7-e4aa-43e1-a7e1-d2b23e94a034
19896387517,cf6bad16-e8d0-43a4-aff1-dab44e588ede
11250222536,88261cd9-b383-491b-bf77-94bd726a4e7b
16908981027,aac61e9e-c67a-480e-a26e-bd7927ce10ad
13579322662,4d70d0e7-4b8a-4584-9eee-0ea4d0e019d7
16601586885,24f60a04-e8f4-46b6-87a7-20d947c0fbf3
15793131006,8c588ace-feaf-48fa-baa6-357ad40a99cb
14703888277,e7a091a8-ff78-4b93-b34e-b670d2c8076a
13472728018,8f97205d-2e81-401a-ad3e-74580d2f10f2
13075725950,4f686178-aad2-40f1-90c2-909f50ac7f08
12385196433,027bb0ad-9241-4af5-895c-7be4b5f8f523
12279060375,e8c6b15f-2206-4a9e-ab24-c66a180e2d97
19607640537,ca4bbd8a-fff6-411b-9994-fe8e60bef5aa
12965894329,4ec16b16-3fc4-40c6-aafb-8aaacf661729
15194064477,3fda0560-91d5-406f-8cb7-b2d8d5055d71
18547448656,03e56709-f28f-4d59-89d1-6da4e49a06a2
12717292020,4028d64a-bbe8-40b5-a390-47179f62b1e5
14231839911,a963d315-9aa6-4c07-9492-22933e655b16
17350736219,053f77b1-378b-40b7-8309-488cf38399d8
16870070905,d97db57c-87b2-41d6-b810-2f9738409a46
14267397164,02be5309-cb96-448b-b4c9-b4cca98def4e
18129388483,d47d9239-ca0e-4221-bc19-d0a2560f0f85
17996562753,06d3d93c-e6dd-408b-876f-27d1ade76f29
16015400757,d6fc4b99-50ad-458b-ab44-8d8a3f7a2fe9
12575244917,6df8c08f-7257-4d6a-80f6-2ab750b13336
17485746026,8cd9e3bf-26bb-4437-bc6e-259b64860c35
17987806475,aaaa3fc5-f28f-47fb-9686-3e17946c9c5a
13630432221,fa27ebf0-bbd1-4f54-8940-bab7aac0c902
17336299924,653741c4-161d-442a-bcda-c1a215f4c1fa
19935786545,5d755167-9309-42cc-9ec1-9aa5af6f6857
19161699401,d6d442ea-0346-4681-9b72-e51c6270d5c5
15563948689,286fd523-299e-43bf-9317-34d5917fa23d
15720065343,188f376e-4bab-466e-b850-63c21be73528
13078626985,67876293-4566-4e80-a80b-563971e9f25b
13258857277,ff76fe8e-b724-43ce-91c8-08355c5a8005
16530039151,ac0a8316-e081-453c-b98c-227c73ff270a
15332561360,564086b8-a4ef-40be-a1a0-9c971eb2bee0
19590083580,c3308f73-8cc0-4297-aff2-fe554623acd2
17654129600,e55ffca6-3e36-4468-9f1e-007f03f73ff9
14426443194,b3f5bc36-310e-49ca-8715-861881c137b3
18084484640,5da656a0-ede4-4fcc-986b-9c67c1a608fe
16514181393,00bc879e-e675-4be7-9a3f-716a7083830b
11616598909,d7bbe761-08b0-4317-93ea-ef1f6e639825
11126078617,c8da86db-da42-410f-836c-faafd1dfa872
17051499386,6546f827-770b-49b4-9453-d37143524503
16887001082,1a46af78-1a03-4ca6-93d3-29e1e6c9c56d
18320527538,0ef6d33d-88e1-4570-b629-4911ece6b3f8
13304941392,0aa72377-0f5d-40b6-bb89-a7ba6616e2ce
16927315705,591f1f09-0c1c-4fe5-9abf-9963574510af
17899845599,8ef41bab-98cd-40e5-b014-f60cd674daa1
16512087056,c6f1a20e-3dd0-467e-ab69-c1fb1634db8b
13843782988,5955673c-e3ee-447f-bccd-cf73fc08d9a2
16054176392,3f4ed48a-bf6f-41e7-949a-66788828f760
15109095018,15624c63-82c8-41e4-8c7c-54564122d034
15193039722,09741e3f-2aad-4343-963f-82a79254a3eb
14233807244,23dc8068-89f0-49e1-a6fb-0cebae792be5
14242447597,7485d724-8ff9-42a4-8066-727c03d62e41
11496309192,18d283e6-68db-44c0-afc5-703edec9bd9c
14393334464,bfc43526-9618-49a8-8c04-bbe311527b47
16251166884,8a466f12-8a77-46fb-9607-7acdebc21c54
19438641518,a89d02a1-5a5d-4aad-9e71-9a0f3e268203
16534402373,e9de927f-d0a7-4670-8bc1-41367df7950b
11910846002,7749fc8e-26ba-4285-9da3-15c1b290dc21
16637918907,c0954cde-ff99-4275-91cc-23b6e609a35b
17634646399,002199b1-c67e-44cb-9c37-4a2e139696ef
13831216579,9d432f5b-1d98-4c23-a460-83073b0704c8
12366072218,0640e816-cb0f-4cf4-9e66-0ff41f0c70d8
16572352025,45561267-f641-4fa2-8702-4fe163dbdeac
14528861375,d36abd53-7e01-490f-9409-ce624c616c48
16250444415,55180a13-4636-4104-a9e9-ab1c3637ec81
19875049307,afdf1f3d-9ea7-4e9f-86af-c0830abcd8b3
13312808786,44746cfb-0365-490b-98f4-800bb113b880
17283632179,8e091b9c-2798-46ed-85a7-8a5643345955
13940964708,c62c8f43-9488-4a57-b2b2-63287f6f1be7
11987009599,2da110da-2c7f-48f6-8fea-bbd5079831d5
14635493855,8f89fe64-0777-4bbc-abb9-a39a9c6dbb50
11083724165,8059abdc-e000-4177-a8ed-0e80ebffa755
16273213076,2c46f30e-2f65-4600-a3ab-568722df8826
18542780923,37da8e6e-6359-4a3e-ba26-c08b083ff313
12714818684,b2af8995-8489-4c2e-a0ba-db4599af6f12
11572435291,72386ae2-f452-4624-9331-26ac9b51169a
15134916103,3d6d086b-4642-4761-a68a-d31ae1d532f0
13201195019,de49dfac-6d3c-43af-abab-841dfa8587da
13682703688,38a3e2fc-397a-44f7-a304-21f226672549
15708096208,df230936-0a8f-463f-aa27-53a0d21c8873
11039526019,e1afa58d-dec5-46b4-91c4-2ca656269674
17584800992,5c9a0868-7224-4522-aec7-05e9cdd2c91a
17254939704,38fe8c6d-215e-4a27-a591-5824d5deb2b5
18034834894,10c025bb-9bc9-4565-ac40-4ccb4b9aef45
18403831381,a2e62a2c-b986-4f2c-9939-7056c1d70b12
16157479224,19bc7e22-62ef-4254-9651-27652ef4bb9f
13424537686,737184f9-3ceb-42ad-8c4d-bf55a9cad909
12480136107,88257270-4fdc-4f8b-adeb-e1a37825cfdb
14090069116,fc0b6094-c73b-44a4-a21e-3d652a344c96
11468510747,5cfcc8aa-f083-49bb-8c14-e3a1bba06c4b
14228529425,69ef907f-11cc-4115-9156-111f9d0d7faf
18129667347,b2e2240d-3c01-4eb5-b718-2dbb10a63013
18002126849,014bc431-5d6a-4388-ad95-1f051b53058c
11749638100,751e3e95-d2e9-438b-94b4-5e7f6e4f6117
15045313737,007eecd8-03cf-4321-bdc4-06ba57821672
18777271093,e455741f-6efc-4e16-b77e-afcbfac3782c
11902857515,503e1a53-dd15-4883-a2dd-a61c993945af
14366488161,bbc98ac1-31aa-4d33-8fdf-cd2560876517
11812405326,7d2bac12-10a9-4095-bcc0-9b05282ee091
16240851759,172fd09e-2f65-4ffc-9339-c44c5dc98d37
11842367635,34745941-3340-441e-9466-eefec321cc5b
16158914031,80ee9813-16c8-463b-b3ea-0c8e5ce0882f
13822906285,ca8fbbe2-a530-4ca8-8233-2600bc0cce38
18775862835,797b0a56-b3e8-4824-922e-2e6508868356
17445113286,6651368e-e791-4020-986f-3f626eee3600
19643426533,2bc160b9-fd2d-4347-8858-36312e18c4cf
17911977917,b4252849-e4d2-4988-af6e-8cb49a5ed600
12161697512,aa07c4b5-08cc-4f77-acd7-a8482203cdfc
14021966066,e646665d-f834-4685-81cc-c9751181ccf2
15193209456,b882fcd2-3920-4cab-ae0a-affd613c02a5
19467485759,6eee2c8f-a8a9-4d29-a097-04b3ae236412
18238263777,00787630-b0a3-4861-8d8c-df28eab43307
16752802798,e42a4dce-73db-4345-93ee-47210c8d77de
12100757725,132873f9-604b-4e5d-986a-b8b6d7950016
13720259152,49c37daf-5151-41a4-b32a-d5299693b935
17825296609,60986c2e-fabf-474b-ba70-c63f64fc1d6f
19271533223,99103ecb-987c-4608-a04b-0080ea2e2020
13466128549,6e7ae9a8-75c8-4f6f-8750-a10fcffb4f9e
19631096127,0edd10d1-5c47-429d-9b9d-191d04bca86d
15219026956,865a0c05-fe23-4fee-858a-1a75e0baed8d
16535080956,fbb157c4-bec5-4945-b0f3-94e860ed4f48
18418307698,8647003d-ae19-4e70-ae6a-da0264245da3
14126556552,d5f31802-6ea2-4ef5-94fb-9ced7763283a
11030782752,9356b7e1-c484-470f-bf23-b5891d0629e9
15022926887,741b1e38-fda5-426e-af8f-62f81f0aadf1
14469288632,775730ac-8687-4985-8d68-6904a59d724f
17950811292,f93e3487-473e-4710-8cb9-9a1c6958de5a
18757519527,2267721a-d967-45a6-9d76-ab88e44636b5
14839860738,125a7035-28e4-4c55-bba5-1ff427f7fa49
16276678490,2bf318ee-df37-4035-9148-e9d579ef6031
11140297369,9cb8c83a-364f-4c89-b011-e46a17b3b347
12434066106,26e297f3-1c99-4716-b41c-473b005cdd28
15185120899,ec6394df-e0db-4f7e-9405-9a46c125da5d
16671728368,12828465-4a9c-48ef-adb3-bce09bf3eba0
11221081374,58c71b53-46b5-4f4d-a6b3-c039aff18538
13858531142,198b4dcc-d406-4810-a791-fdd589117f00
13219715497,f464b76d-2687-4d66-9fc4-9019d6e33764
19420321320,24646af7-fd6f-4d57-b0dc-c2d7682043aa
18384084557,5993b96e-3a14-499b-a0a5-269c1170bcfa
19660473695,e903fdd7-a803-4d26-a95d-6ffd565fb3eb
17544170496,7359e5e9-0fb9-48c1-a9ce-86c2cf81e92b
14199624231,97c5c131-62b8-4e65-bb33-ae71397747d9
18491270162,5419e0cb-d14f-465b-97e6-ed729a0f5a67
12312674413,8fd68ccd-7270-4de9-bce3-ccebdbca6322
15841688694,9d0ec7ee-9457-4785-b8a8-1ff3b1673cef
13160939046,3ea9ed42-2c1a-4ca3-9b20-ebcf72fd74e7
12645340541,462a0088-825d-4c09-be43-df4962db000a
13520979504,f41a897c-2806-4ca5-abd9-8c007a9ba0a9
19339664674,841307c8-5f40-42f0-b9ec-d9b71c062de5
16390765792,28ef7d62-4197-4c6b-90a2-fa9977aba714
19214606289,231a4504-8368-41dc-a58d-bfa1fb8d7c1f
13061743097,edad2785-d38c-4e3c-b2e3-9dd5354ee01a
12769634049,616780a2-e618-4623-b37f-bc7e71c7e231
14770658780,e9d8fbe9-5827-4b18-9cad-15e871e4de30
16662944158,1508e579-f59f-4bfd-a6e5-27ed001d4bd0
12433537605,8ed9a519-9359-4bdb-903d-251536357848
16009495864,8888d6a5-dc6d-4514-bdfd-81fb25c47db6
18624050094,dd1d03cd-8baa-4d23-ab12-9a25c04c7733
16364684812,6c6afa94-b3e4-44be-a1da-718038695b2f
17142374179,4b72d605-f980-4e0a-b648-104650b225c9
11563259970,f7b7cf6f-8bc0-43f8-b158-75722d413950
11766407971,db36cc63-cbea-47cf-8511-3dc8118dd628
14140710100,aa35922f-9efc-480d-adb4-802fa7c5a6df
19451346081,300b76ff-f345-4ba9-a06a-12e98f579e29
19608645740,1ab2125e-a083-4871-a54c-03351086f103
18451040196,9cd4a572-d1b5-434c-9181-61464e16e4df
19556922270,6c3ca279-ab3d-43d8-8cfd-f2b34c599a55
13865236179,0036c4f3-202d-48e4-a134-02ef34bc0ea4
19630919529,96c2d6ac-6586-4549-b422-9ef0f59a5f4b
16813788707,086a0097-312d-467f-acf1-ba17719ce65a
12537452047,bcb2192b-4f47-4e47-9f4a-241968adfc92
13155156938,cb283aba-0f85-4010-88d1-711248974b81
15087533177,b5d16d8b-3462-47c6-9495-177a9f3c3780
19093656131,18a475a6-59fe-4472-98f8-c4cc30ce6513
18415511587,79e2fdbf-4fe4-47c9-9a61-578145dbbd69
18615824560,7c1f661c-eaea-450b-b98f-9a86a8e8812b
11272608449,0e25d314-938c-454e-ab68-03e7fec89e0b
15402777204,eb209f63-5ed0-44b0-b356-945296f12a02
13802912819,6230a46f-4d5a-419c-a8e2-dec5950f7488
11997743268,0257934f-1d4e-4e06-9eaa-c5b625565863
11148825532,66ae41f0-81c2-4d9a-83b2-0c4e9749ba6c
15837413414,0e590f17-4e6a-4b4d-af52-76d0523fed39
11013790518,683b78b1-c7f5-414e-834e-ec9c5e0fc5cb
17846230343,cb82798c-6d21-4fed-976c-19c7ea29cc7d
14145851242,63798661-0c0b-43ab-93cc-be2ca02d3008
19135745891,38c56b54-63dc-46f5-b880-61f5288dbacc
14659340455,6ece4781-fae2-4c18-a1b9-ff73f0be0e4e
14696201454,47f23f28-9b27-4cda-b406-3419282012e0
18153019273,dba17ac9-80a4-42ce-8c7f-80fd2ceedc17
11003044890,b0c56fe6-6a67-4e21-9be1-724b7e9abff7
19745636909,3431bb22-5d79-4f25-960b-c33a5fb45002
12877202505,1fe91972-3275-443c-835b-35138ef8c880
17561076146,df8398c0-a7e0-42af-a03f-3bfdc666e9f1
12567581620,34192cf4-ffaf-452a-aaf1-2b5371777f2c
14662334935,5905f7ab-7f4f-4e2e-975a-556645dc178d
12000369864,1691eea9-284e-4885-82c3-e4511f328b51
15363241384,c49f7890-0c16-45f5-b580-4dd062bfa875
11616028047,4e036940-bd3a-407d-b2bf-118dfaef0e75
11608672013,0ca10fb1-4f72-4d0d-a5fd-b23b5f804a5e
16902043427,6722817e-1ffe-4bea-963b-6fcb80acda46
14104364944,2b39be50-a5a5-4b94-9c2a-40efb8652e9d
13788593986,604eb924-a63a-4985-810c-ba9d5f0399ac
18072433572,e79b84b8-63fb-4abd-93f9-f63dd4c4cda5
14313193695,95fe9021-6d59-4eba-8609-62948c234cfc
16839569742,1de3539a-905b-4eab-992e-fbe3a49dc4f7
18642492887,0357c87d-f678-40f0-b28b-e32930a95383
18014200974,5fa05aed-b6c9-4050-8373-1dd8ac60bd08
13899575782,c65ca90f-7ff9-4954-9a56-a561cb841c98
18953994637,46f1d516-e512-4769-9057-694eeb26434a
13981240201,4f3d1a54-723c-4c05-83b0-38eb2b0f2f1d
18586822254,c91cb491-a7b5-4a48-97ee-b39580987b5c
17147897998,41c8608f-3be2-4acd-a11f-e9a8e4eccdc0
18505847559,9d54dc18-24a9-42ff-9576-8a102ca6a3af
19030032999,f86717b1-b977-4f82-8970-50e07af1c8c2
13586650572,540fbdac-7980-4be7-9599-f2c61785a3a7
13161103797,f98d637e-377f-4866-a10b-0cc2833efe04
12305436866,1b7c202b-84fd-4aac-a14f-a63e2f680cde
12581885657,689035f4-68ba-4d65-b58f-60756e272476
19865470253,30bed08c-883b-4b16-946c-809cc2d225f0
19455786565,823dc398-e102-497f-af73-2916ea4116ad
14915819543,280995b8-46d9-4c36-b514-e82d75868839
14975794741,22cdd5d4-7fc7-45b2-b6bb-66dd2aba40af
19615925854,5088b5d7-20db-42e5-b091-edfea4eb9e5d
18213137588,54f5c511-ece7-4ce8-86bd-4295769fa73d
19221783719,b600a5af-a038-49ba-b988-0fa9c1066664
16130260578,d19b95ef-6656-495b-bd46-b1c336077a76
14005268363,7ef76a9d-0dad-42f3-8a95-b4a68a2054fb
17564272038,ef54c129-e771-4f2e-b118-9e78288e4a22
12749225053,4161c74a-9fbb-49d2-a344-4d7f5636072c
19089417897,59632ffb-2e80-402e-a35c-64968063b5e1
16925782045,d1cda4f0-e759-4a01-9eb3-d8070f214514
17548710477,3d127f85-420f-486c-9baa-5c124253a587
19056846196,0309684f-f9cc-4c1f-8bf9-a403f3d19e56
19827355686,da7096fe-0aeb-4d85-bce8-7b69e1de8745
14739109661,d38466d1-bf35-4d2c-a738-6b0e33f0e93d
15005330724,d26839a8-55a3-446a-90b6-bef75b31a84d
12149254005,812e53b3-ec77-45c1-8f4a-a09c6dc58d77
18330733475,b48d9b90-c978-4869-aedc-5a1dd4ed8a1a
15810414561,9eebba29-d79e-423c-8512-eeeac2a64ff2
17222703051,e4fe4b09-d2b5-4261-84ec-6feba5738451
13367355354,00c9693e-8111-4b8e-8784-35b9aaff26d8
13393981443,e19a4731-02c7-4701-bf06-b6b418b31576
16449534646,19e949cb-9227-4281-a2f4-7db8e686962f
17472049818,f51d6550-050f-4094-8314-093d6d3135f8
17192716398,91d390d7-d05c-4472-a138-7051dfbdf639
17278210750,1feb9bad-6c87-489d-9d0f-a80bb97a30ee
15805840809,1fffc146-fe77-43bd-b577-49da949f8849
17191432045,5ce201dd-a47b-4d9d-9497-2f9abfb69dd4
11122146745,40d0421e-5c95-48b9-a0b6-6cc3d6d98690
15662771009,abdc395d-081b-4553-84c6-a4ea36f83fad
18001952729,4c0cb365-de54-4525-8549-4b1c1faf0b74
15765976789,bef6546a-eee1-4fc7-9cf9-5eba24e19c04
15958084213,397178e9-2a22-48c9-9aaa-522adb0e22c9
19259043214,61be8fb7-fca0-4fd6-945e-e1f377adcda8
15053711173,0ec09e77-4d00-4cd3-9e6f-f9f291681455
16179994825,54f21c47-975e-4dc7-9be1-5239ee519315
16454128569,32078b6a-238d-4d40-b9c4-c67b69d03d01
12004445364,811a191d-4bf7-49b3-bbe9-77b9194126a4
13063541564,4e24fb6b-fe8e-46d6-bc11-d74ab2275703
13173793374,6426800e-09c8-4d8a-936e-1aeeb15689e5
18779077661,d390dce0-6770-43cb-9dd0-5c8c8d32321c
17236045885,effa2837-c2ff-4c84-8ea9-cd41b43ab0dd
11467371604,7b434e29-ac55-4e5f-a6a3-4534b93ddfc9
13421271258,69d9ca0c-6e9d-45ec-b64f-c909c74d92f2
16582863880,16cbb623-1f75-460e-b305-c3156c9b0b9d
18633341067,ff933d7b-fe86-4657-bd47-24ae829c7aea
18588767522,62a9b140-727d-4d5e-831b-4bd6e63e047d
17650989164,5cab1146-7c03-43d5-b717-78ee5021dbaa
18563756850,b6bde747-a0be-4969-8ca9-096decaa32bc
14511768048,a72c4a2d-f7d3-4d4a-a6af-71fbea755843
12936239972,60f0bc8d-399a-4b3e-8e6f-2fd8b4d2ddbf
17466285197,dbacf081-e59e-4f4b-a83a-a6367a21261c
19148461510,eefa18a9-e67b-4ee7-8e93-31d43beaa2e9
11514448273,9634f75b-819f-422d-bef0-f4349186e0a8
19031279084,13248d8b-bb17-486e-8122-fc6b91c52446
15778105001,875cebaf-172f-4b24-9152-8292155c1337
11901337345,4d1d3767-9376-4b1f-a3f5-99ac14c1e667
18117901311,9cc14286-a270-440f-908e-41a450df36b1
18495999240,0664b942-f425-4396-9b0b-4ea35c4c689b
14450998392,773820cc-03a5-4cdc-9332-e5bef5353024
12785378274,bd1e907c-9e51-4029-8e4c-6128019ae77e
15164290293,9b520e96-20f6-48aa-a96b-21eeab4fc9eb
15543965357,5f646020-6384-4e2a-8f43-feeed9391677
18361054644,23ac1308-9eb0-45cf-8762-1356adaa7835
14941913260,deb54472-c1b0-4680-9681-e679b49ec868
18516109577,c36f9a43-04e7-4d75-93c7-38921c877e4a
18920805179,eb113857-ccb6-410d-be5c-3c615530b553
19374136358,b547f533-8a4b-45f5-a57b-62f697d26790
14499133969,8d707092-0ad4-463f-9d2b-9a50e8b884cd
17529990935,89c6e44f-7a6d-4205-9fdd-9315b382457a
12282233429,0c5c578c-1dea-47f4-88dc-d1c9c653adf6
13200301191,e23d22d3-f547-4d0d-9591-68f3747b585d
12858945739,a31cd6fb-4b70-4449-8ac9-43ca1e549234
17196350307,1fc08762-b95b-431e-94e4-533c077f0621
19482531528,3b2506c5-9775-42a6-88e5-5a63622b78e3
11715658356,d0632c1a-cbb6-4c18-b384-012da2107675
16015896932,87d98da3-7013-439d-ab0b-eb7322ad9428
17571668052,a67706d2-6b87-444b-b0fd-44c8e193749f
13701264826,49c492fd-218e-4922-9fea-87619f51d1fc
12412294737,628f045d-7810-41d7-ae29-ec6be6460007
17227744264,f772ebd3-91c0-4401-bd23-7e684df7f22c
13234183908,bfa28a30-e5bc-4c88-8bed-878a3bcdb409
13001415951,d55e4c70-7f57-475e-b10b-ee46a9a94659
11765646956,2f399bed-bee6-4b26-99d6-450d8b69e780
14679124108,d262eb72-0cf3-4fb7-9670-f8ad1cdcf11b
12562346513,1447549e-1851-4f88-ae2a-673f99802c9f
15261633511,18b385eb-d05c-4800-9d45-08480b336f4d
14522241605,9648c4a8-3853-4ef1-b2b2-a35930591598
19791030598,69767788-cf74-4adf-a814-980e8b3ad239
15341924952,4aad72c3-7183-454b-976d-2f3d56b23f25
19044013305,1f52020d-8422-4967-8e73-f2818574bdd5
18243479083,5a60d5f6-6925-41b3-b4b5-b3c5ac2d4b5a
13888898823,6e3da3f2-9b34-42ec-8da1-c1488772b4a3
17940525450,f7f4a32f-7813-440d-a705-cf4cea9cf547
13221715568,1edfd1c7-e72b-4986-95ac-406c86e59ae9
13047806579,795390b3-53e0-49cd-925b-bc9c2b8d8c94
13412541332,daf43636-1f24-4fc9-98b1-85683e176558
12250304911,9457137f-1da2-4e1c-a18c-990bbadaffda
15467042191,a45a1465-076b-4aa8-a215-cc8e0af3c6ed
12751974625,0e7a9de0-80e0-4a74-ae2a-1e9bad29e413
15666291258,ea8cbe8b-f3e2-4cbe-8621-13dc3c974a0c
15769613832,a541f868-83b6-4afa-b38c-0bfe9f0448ca
19983010660,79fb79e2-88ff-46f1-826d-21741df08438
19907565323,d67010f9-5263-49e6-8775-2629294588b1
19359129540,3b84133e-a03b-44f0-9030-082e1bed9f62
17500577756,583685f0-e581-4442-9f76-c89535abcbfa
16936249257,d8550ad9-db2c-423b-833c-fd97b9d7bd5e
16721690500,b19ade5d-9117-4e48-a1c2-5b64a6233bb4
19461649119,cf372efa-73af-4bca-9c5f-155f70f60c8a
16694719167,bd259c6d-800a-4092-9803-947707b4642c
16469666687,d597c9fc-57d2-495c-b318-9e32d52172fc
14365550802,c5795bdd-d0f1-4575-ae63-0cbd29e68d0c
11370323583,d4ec5332-6b45-4b09-9ee8-8bb10242a4aa
18204387882,e8ded774-c7d8-44ec-935f-2d8d7f0cd019
19268093245,1cb1f1e8-d43e-47f4-95b6-8a0dd1d15023
11296006839,c3f009c5-fd69-4e9f-9152-45309c8fb48e
13517137681,c7d39a4e-8f71-4f00-bb74-4493dad03222
14864443197,e6dc6a0d-e3a8-4a9c-9a07-a5b44ea2ac2a
13686733775,6e95efd6-6d5f-4f3d-96a0-c0d937c03aaa
11950316541,a6522fb3-f340-4fd7-af1f-af993ff46781
13298357346,a07a1062-e936-4095-9fa9-1faa745c3c83
14265938750,809a0d28-3e12-4c56-a511-59369fac6652
12953723460,e9a2952e-8280-4db0-93e5-e963e735930d
11727341971,3fd5714c-01b7-4852-ac8a-f4a116d3336b
13481945694,a58079b8-14d7-408c-922a-942895a96f14
19588097016,bb4b7934-662a-4e6d-afe9-6b53e64fa23c
11265805725,d4d2b357-4a90-42dc-9673-0d6755cdc659
12538141953,b2913b2f-ed34-40dc-acc0-ae0ce3c8210a
19357662216,d8f011f6-bb97-4f99-a3c4-f582dc30de94
16466078296,941848de-e35c-42a2-8a75-e2e28724ac34
17363125099,dd17e434-61c8-4b2f-97c1-eeffc763f6e7
19938689651,cbcf7cf7-ed24-4154-a029-00e1441b43e3
16611901289,9b683594-8150-4aea-9681-2d4c04ef95fe
19075167814,20714770-4ff1-4305-9493-6da851a10a7f
17290814660,06f058be-e6f9-4ce9-b269-c83a8e308391
15933373230,4aacdb8f-ba53-4953-8ed8-54c80bbc2802
14683529602,eea99ad8-772e-428e-87a7-ef406ba5c009
11919847746,2b7a70f7-ace8-4600-9690-fd5a967532f9
11965116641,5220a348-cfb1-415d-9d33-3ccffe3e9be7
15597718168,0c874b7e-0931-4d48-b63e-938a1be1e053
12194661387,d2668f0b-7865-4211-8e04-3d2897227ccc
11510477853,4c2d0d05-e3bb-4d08-a9a8-4e12a1cf6f75
16791249047,655e8bf0-eb0a-4b1e-adda-273bcd993497
14751521017,8308119d-398f-4ac2-aa13-9316a05f542d
17598032374,aa2b7a03-b13c-4fea-addb-0d7b52ffab7e
17608888696,7f4e7da9-7a4e-4aaa-952a-94a93650d06f
19435527074,a0c27fc8-4203-473f-974a-b330fe2fa479
19547641875,dc6a63bd-a513-4a0f-b450-dfc3a3a0583f
11659499369,21fb4b4c-fcc4-4ae4-aa5d-d76bb79ce1dc
11201800013,d44563d6-b89e-43a4-88fb-2a8df00ed67f
11726625414,45c41e14-bf8b-443b-ac84-7a351c61a8c6
11474841516,1f197328-4566-44e7-9a43-540eb9b5a80d
19456598846,c54f8735-e9f5-4191-9e96-0a29700c19f2
12465330357,828cfaf5-ce15-49a8-a1c8-242a66db3017
19736058837,5b53e257-e33f-4cca-b8bb-749e31527024
17759679802,4401d3d3-20df-42f0-92d7-5e487b56fec3
19607032677,4d088da3-397d-42a1-953a-c11d8283ee57
15678673012,9bf27cb8-4411-4c64-8aa8-2dbfd2323786
15271167633,e6d590f9-eb26-4180-9c6b-8bbe5fcd4cab
14309507527,108b77fe-6976-455d-bb5e-1c8b4dc87711
17036579108,5c8a3bb2-8d0c-4223-8fb4-9b7df2d04437
19567177329,484db5f9-59a5-4390-8b84-9efa13164dcb
15001651066,119de9d1-c30b-4f18-ae22-2d1362cbf610
16251571711,6243aac8-a21d-4ae3-802d-ffb24581895c
11428662194,4a78bd61-2fb0-4af3-9e17-a7f5c0ae1646
11351758502,b8d5704a-86e9-4113-a8de-175d16920935
14923497555,8436144b-6f5d-4756-bbdf-dd56ea4b9d36
15889001062,23193bf8-ed41-43ce-a00d-29fcba6b6a51
12823788801,355a6e81-478c-46a2-a34b-7b3e73d16a6a
14972767389,48ee9dfe-cfc0-45bd-b836-ac6968fa6d00
11631151579,0818f2e9-9db2-4f52-8fbb-be41399d0a15
18622469717,2ac83c61-f0bc-469f-82a7-778d1d6fc013
15266624210,bebfa571-716f-4bc0-a8cf-5e853b629ab4
18794778342,227ec20d-ce00-4f7a-892c-4dd4a2d6ba7a
12125370717,986fd168-789e-4daa-86ad-7835ff26ce14
13914681453,e245297a-2368-4d23-a1b6-39f393d3b00b
14722967023,cb0c6914-30b8-42f2-9612-5a3edb5328dd
14133143444,4ee1f69c-fd10-4d4f-a896-62fad409bbdd
13459976585,17f9ba6e-b435-44d2-b764-45a2a651dfa8
18288432037,664150d4-d2cc-4fd1-ae2f-e4c4563af269
14618860097,975d952b-ed2b-45c7-bb94-4a6b1ec2a4bc
11348585290,fad43011-9bed-4575-b54c-1c510ed4d4f9
13003863366,8c6848b9-e53b-4219-a898-17e545220eb0
18885984990,d7068fa7-81b3-42e5-8bb7-1806f997f7f6
17885012571,d4b9c2b1-f9b1-4659-b3d8-3cfd2fc90fea
15387644288,c0863d56-fac2-4747-8ea9-67e6f2dc002f
12774290497,ab4437b0-69ea-4ccf-9d17-3aa5b55f1ae4
13303034897,389406d0-ea11-4ac8-933b-5af87a060e33
15743024213,1dd31d39-e45d-4cfb-bd37-0e621b056a6c
13288599667,2fe4b040-fba3-4ad9-9d7a-159ee7dea521
19847926521,011f2902-b399-4853-ad4a-ec3d7200b44a
11580709091,6906edda-44c1-4c70-9487-6fd9aa2ee19e
11962424604,067b6fe4-0bdd-41fb-beaa-d6c9236d1a4c
12269765021,6ecf2d79-88b9-4e18-82cd-70786c65025d
19639366269,726a8914-8ce5-4f7d-a71d-2d367bbf1b4d
14210106492,e30ba08d-1c19-4fb8-87fd-3714bdad9644
15247962964,52f89e89-541e-4cba-af10-348b496329a3
19018266393,0ae64078-1a1c-454a-bcae-57b73e8443bf
15117809109,47859d04-49dd-494d-a1e9-cece0cb81fec
19035499111,9433c123-4f48-4d94-a4a2-d00d36172bb4
18261973533,e428d2fc-b514-400a-97ee-1c99366b4c32
11462173345,a07780ab-f5bc-42af-bd56-6882ebbdc1f8
19888356429,88d1fe56-5ab7-4206-a50a-13f2328bf079
12751282286,fc9aa046-f2f5-4380-a1d2-60636a986379
16405192043,ed7737ad-7558-42ad-bfbb-2772d351b63c
13805696605,8399b7d1-b0fe-46a4-a62c-2ae5d356be7e
13956652073,fc9f4fba-3a69-407a-a557-e3c20b447e32
12081207846,956efcc9-0e20-44c6-b557-60eb70f14c09
15593695523,ef72618c-e2aa-41e3-a3b9-bbc157155952
12295542790,a72f497e-c9ce-46b0-82f1-015c7def7938
13891580756,031a2ee4-6232-4cee-8bf8-0ed41b43f2b8
16195025687,f16e1d34-d7cc-4d38-bb24-f62aed7f5fad
16709573554,f0b5eec8-c10e-44b9-9b72-a643b514499f
15928583760,5c9825d8-03d5-4fc6-98e1-37afe4bc53fe
13011503438,08664cae-5b3a-4a15-a22b-365601cc666a
15270448148,fd2d5f4f-7b84-4fc1-8939-4fb661261ed1
17382530638,653d2b91-c7dd-4aa7-a623-f40d2b6d8cc1
19685067763,759f9c93-bc17-4838-bb4c-e950ed501e66
19277617029,87ba85d5-d0fb-4463-9060-13bad04db6f3
14659601483,3bfc8fba-a21f-4333-8d51-16499f072598
17931459736,c4c33214-d390-4a88-83e1-320ce89924a6
14862116674,8c330ac9-ff57-489e-924d-ee0faac0f039
17776072668,fe66bb0e-9415-445d-83e0-75ada9cc88d4
14592572536,5f5bf918-79b0-47e6-a145-1dfa87b285ef
17654280345,0b0d4b64-e74a-4f7f-9c90-f58a5ab1caf5
14356988637,14bba09e-b36d-4cfe-a3c0-72138b3bb91e
11846344471,0e959a17-a80c-4273-8319-cdb216b2511d
16080595489,0a4e5e9b-496c-4ec7-87e1-d46269b23be0
13358652625,9a689b3a-be67-4e59-a20f-c31471f19851
11453659626,901e0901-b391-4f2f-b8e0-802aa9723092
15297351637,edc4fd98-fad3-4056-9e7a-a5cd6074f1a4
17374887664,94f4c4e3-8e2b-4104-a129-b320713f3823
16634064264,bc5f480f-f5fb-4471-b809-068d3e7871e0
13847321174,c2b602fe-6461-4d33-bf1c-3e84eaa2210f
18155625621,97604c9d-9733-4780-b120-17a11e620230
15483477814,1bcd70e7-a14f-4de0-a4af-0b8ba16f5c32
12324690967,ff8ed988-1bd1-47c2-a0ed-d14578291d8e
15762763070,836c5826-a9e5-411a-8d0c-210ff8d2c756
19974838182,c2dd6c3c-d2c9-423e-9b79-e11ebfcb4dca
14479613306,5be67993-2aff-4ee0-a0bf-d617a2e85de9
17546241254,65501709-579a-427f-8d8c-2fc86b9b88fb
18175451780,ad8f81df-e88b-469e-acd4-6739b69d04f5
14865233373,13c9f92f-f343-4a49-b711-19bee5ceb413
13418070551,9be7db59-99f0-41ea-9494-36a5f0fcc937
13113884206,9d9f48d8-469f-49b6-817d-df7e989df0d1
19997420808,053bc265-f534-449e-9ad8-c9213a028097
14649169301,72dcef1a-fb2d-4925-8468-2af7c698993f
12169848961,aad1531b-1de6-4cb7-9c7c-4a8256474cf2
16722554821,385bb381-15a2-4f74-8368-ee54d825c432
14843396220,cd7b72b0-0d5a-48ec-a760-4cc9c91cb12b
11709178511,859a49fd-c24b-47ae-a95b-acc5cb2d87c0
11740052868,5cc12dc0-4413-4d03-afa4-28df80ac77a4
17143022616,32b28ee5-81a6-4eba-8af2-4e84c75cc2f1
18048875101,59a011b3-6146-4bf5-97d1-62ab91cf217e
18262334400,6e774279-eef4-4bbb-900c-fb1b431b3681
14599432834,b4721aea-61d3-4b0b-aa8f-5b4749a1a576
12902885023,6c03524f-38c1-430f-a4bf-5db51bb2cfd7
13423022282,0f050315-10a2-45a9-b71b-8270d077b170
16083576326,50c99be6-db6a-4fa2-a497-c6c9a41978c8
13924213704,a4968ad1-416c-456d-ba31-5c258a1aca20
14770763742,fdd72650-c73c-48e3-9120-f0ce35fc22c8
17453165819,02869d34-c090-4b4c-936b-9a74aa2a85bc
12008491756,f19665c6-c603-4da0-812c-ffd18e10961c
19557905872,aabf8ca9-9149-4f78-87e7-b337ee984df8
14234198877,16cdab36-86dc-406f-9ba8-fd06bbc1f37b
18479950123,0136a333-369f-4294-9677-cedee77706c2
15380503042,35ee037a-f6eb-4776-970f-8e1f4de2cb63
13615190170,cb1e98df-51a0-46da-ac8b-c320a5cd89ee
16738926789,173193d3-8168-4564-b343-b5dabe113c71
12103806972,c94d6359-2ce7-45d4-b75f-2472fb2d76ec
17790219646,ff32f333-ee6e-45b2-b292-523df29f0a17
18127657090,d0034ee2-f2df-4069-88d3-3d446d047ad8
15490468860,90411181-ee32-4269-9c34-d52165b168d4
11888820124,0dbe9e4a-812f-48e4-b6e1-610c93984bad
18269092183,00e68af2-8566-41d6-bb31-6678e9821836
12053471180,1fbf8828-c424-4f00-8e2a-e958f599269f
13514680479,1578744e-b52d-4a37-8ca2-88b1b482d9e0
13342460791,908a66f1-0b74-46f7-be47-fb242fd5ad5f
14775703204,e3becffb-490d-4ed6-b59f-dc3809eac113
15908449212,2efd033d-f33d-41ca-8dc2-0f9b6985ec19
19679148131,0e276e21-ab5d-4731-8cd8-be7e148c2aa6
11258949267,42167e16-0e36-4dee-b724-d230d89de2b6
17316746488,3a4cf462-289c-43e7-acb4-9858c9285661
16650437728,63ef5f8a-3094-4206-ae05-433107f9a501
18696323957,e6775caf-67bd-4ca0-8686-4cd790c56cc5
11291321025,8099b4b5-b8f3-43f2-9998-98677161fef8
11680607634,67ede057-3502-4388-9965-fee798121de4
15015810805,377ecc45-23cd-4543-b79b-8ee1a850e9ee
19556778327,d638c3f4-2f31-462e-8ddb-d68e69f55365
18246632706,1bd3ae55-4f1e-478c-ba2b-94c27f23a563
15591430969,e0553a14-7242-4aa8-902e-187d17fc76ac
15934812672,f4d089b0-c67c-4b9b-9fb2-70b567e54684
14120582627,4eb66004-8558-4002-8f03-1d49bb128236
17275251198,10d6bcd1-aa89-453f-ae16-c3f2da0eb95f
16642618785,1d41f14e-03e1-471d-9ff6-36239382a157
19015268276,ab2b2312-7f8d-4ca4-9778-e564f5184cd5
11886202880,1893d8ce-41ae-4b50-9230-6ec5278f5ece
14496318693,be2dc4c2-cb45-4220-90c7-604090ff1fa7
18038062574,a655c550-ef8e-477b-9961-7ec8e44e8217
14021369763,bd6c093b-dac5-4892-89b2-87237494e1d5
12746723011,94a60098-b969-4869-923a-771d0da7d90c
17019464548,3378d9dd-f176-4ee2-b3a7-3d083053c9da
18436954433,8a6279bb-0df7-4a51-86fd-bf7793d7a56a
17586519685,620cc1d8-345f-4557-a4da-c5964b034c2b
12537578502,26f9dd80-61c0-442e-825d-61ebd8cfe6c5
16693550789,b6a56d25-74ed-4ff4-886e-0f574aae67ed
18941790475,afb60011-8d8d-49ab-ab0a-dbf70ef01d8b
19785404180,5d369de9-092b-4c3b-880c-954d207d5cbf
11959651644,c965466a-2381-46b2-8710-69b5534db214
19218822947,01d19417-990d-4979-974e-53394e49f961
19886529721,9ee30d3f-bb5f-469e-abd2-fcea3a4f15ce
16701756273,90bbeb88-6c46-49cb-8004-24ac3c9ee676
16959711723,8c892c71-ae96-4abf-a67c-c3de16b26489
19810117409,0ffcf2b6-9ef1-4edc-a73b-25fd871c59a8
19840437168,a7b23531-f201-4de6-8283-6203cf547f58
13528979072,47d11faa-06b1-42ef-b56e-6f4d9d2290dd
14500852362,2c39b692-9ee1-48a8-b5ad-fbaf70f204d8
12242642131,be642a1b-404b-4980-9d66-5cf604239b9e
19427218878,f279408b-74fb-465d-9ad0-b1610dd037de
17062396249,374cd265-bea7-499a-a996-98050054c5e4
15805195562,25bfafc4-5ec2-4f15-8ae2-1c9f40c94c25
15712540628,72f7ed26-5db3-47bd-ba2b-85a82ba47e42
14623402367,bd0dfc9d-beae-4f01-ae1c-7d5e39673ccd
18486676271,9733a18c-e0a2-40b3-9ab7-ecf095953ad4
11568920306,50779350-c2c9-452e-82e1-e7c2d5b76d68
15808930107,c3f18a95-06ed-4a4f-a252-4ebe6696528f
11283174685,2d9877de-767f-405b-aa88-4fbdbbd59b7c
19786243445,10a0906f-f25a-4e95-9a56-c1d836dbefe3
18276525624,22383bb8-7e8e-4659-9258-7a7427a09951
16182129569,677fc5d1-1cfc-4e50-96aa-7a61ef29a092
14588617482,2155cfd6-7e3b-486f-93a3-249eabf0831d
16875114923,202161fa-48fa-4c76-bb20-12166b89a8c9
12508950450,28886822-e9c4-407c-9f05-c1f745ec483a
18644955013,db82acad-1d13-4c54-86e7-7de9ef92e845
16365306377,e10e218e-0908-47ff-85e9-985b442d8784
17329169432,0aaecea4-44d4-4eb6-aeb6-f018d40f967b
16025075615,5addef86-d140-4398-b13d-bdf1cf82ca49
11745185665,2bcd481b-6fc3-47ba-b88f-5f335ec63691
19687881083,cb9fa26c-29ef-4c1c-a419-deb4abfdbf02
11838893480,ae58a9b9-5aa5-470b-9dec-4a82e324c5f2
13695592045,1fc1c8d4-82fe-4fe7-bd64-8545cd5ea80f
12049845509,f43ecdd1-9e89-4122-9b07-548616b3cb68
18369241674,588ce2e7-9691-44be-84ed-557d690454d6
19677156672,866bbdfe-9451-47de-b96f-a09c3d9b2190
19208541088,da865040-e4be-4e11-8262-518495c40095
14669752107,4786e20d-6839-4938-9c72-9b96b78c2638
14738038208,794a3870-42d8-405b-8cea-18045a07518e
14347643099,6eecab37-046a-4c56-b041-d8fa219dc788
14876511218,09fa7ed9-dfa9-414d-96c6-90fc6401feaf
15519267840,5637753c-b93f-4747-b15c-ef6be0aa9816
14169898551,e0fa426c-ff89-49b7-89a9-0b2cd494cd3c
17860238299,67a63a56-9115-4ac9-ac1f-99bfa45f3ca7
18131153104,465a449c-e8d1-4f21-a699-21b9352583ca
16911305967,57e5e313-b4cd-490e-91ea-517bac46a8ea
17355230092,f73094d1-0519-485a-95f5-9643fb5aea1f
19103557535,31461f35-e165-4f9a-8c26-395b0a4298b9
18345737761,36682c76-c330-4811-9440-88a954dd1511
16539935179,551321b8-29e6-42c5-a833-abffe61c2dc7
12651702144,0d517876-7356-484b-834a-5e16f1170180
11316226319,081180c1-d63a-48f8-9dea-e39f7a6f4b99
14495050073,88559576-f50a-4aab-b69b-8ced14f586c0
15567069906,050e7d77-8cd2-476d-8cc7-02526daa3dd0
15321626259,f7bf854b-bdcc-4ad9-81d7-d04bcdb64ff0
16933701488,71c26f45-9342-42db-bdb5-2079ff7a389b
16755428499,ff85aa4f-52d3-4278-af1a-24c971834ed8
19293668136,09eecf1d-6670-4678-b148-90bb50907cc6
16222759047,1c6dfc71-78ad-4b50-b5da-90b5f4b7643c
16870834180,0b74559a-abf1-4b04-9b3e-19450d2a37cb
19250656116,fd6fe1fe-eb02-4d37-bf64-a228a58cfe66
11746016001,31ffbaaf-f69c-46b1-a23c-f7f65e8fe3fd
17940106953,8e63667b-b294-4ecf-a9e9-34fe110b7020
15041105116,a4e4a710-2ef8-47a1-be0d-cf188c6f51f1
17861210639,fd312209-c44b-448b-8cea-f63a7242d366
13979010279,08a7b47d-0139-4aaf-b792-080109cddaec
13436426440,9abb59eb-6009-468d-9dbe-9fe4069942fd
15543709104,924382df-1764-4c75-ade2-a2f139540453
11630930861,fdbc9fd5-7fa4-4b2d-bdb4-e0b669d1ce5e
11099703562,76493e3a-b12d-41df-9a95-22c2aa29fbc9
14913970997,6cf092aa-2969-43cd-9cd2-628f57d58896
19021760460,08587162-c40e-4296-be97-38e277c7f815
13807828973,22493063-65d4-4c59-9836-78d07f94e449
19862611175,a57713cb-1aad-467d-aa28-2dc75a1c1f6a
13224493406,2f9e1625-b2bc-4120-865e-d89d1826fbee
13606894107,513d28a3-6015-4a82-9705-c6f1aef9b64a
19348270375,47e90be6-7466-475d-a684-7d430e7b1931
12094535421,61f52c91-0416-47d5-8b1b-c41583841ac7
17830329151,ae9b9442-ce76-4895-aaae-76d050eafa4b
14670976907,107a627f-09bb-4500-b0ca-9109ac31dba5
14452182587,5fb2eada-1992-48ea-875b-7635b6248968
15380952155,47d3f1c7-88ff-4ace-8c32-9fbade100a1b
13076024582,d17f7ba8-9a51-4f1e-a9ad-9f62bd63818b
17281333850,a697b6af-f1e4-482d-8171-e9964bf779a2
14685830682,b51e3480-e32e-4af0-8c09-5a07bddf39de
15887203765,351bafb7-67b6-4162-b535-33ad3f9d5d82
14528501943,b659bffa-575d-409c-834f-c52e6bcb9e0d
18589239067,e9612e22-82b9-4c40-819b-89c5af25a754
11492331832,86d26956-b440-455a-853c-4287e879312b
12601624871,c9b28a59-cf89-423e-954c-ac5c7dd9812e
14358315479,430b070e-dcc5-43f4-bfe8-4d35198dfd2e
12350733488,7dd72d76-e8fb-43dd-9c4b-61c3a00261da
11431776511,5ee0d423-0c8b-4eab-a351-da23f59aae43
19840073429,15bbc0da-2971-428c-9656-021ed9a53742
18887245264,96467c87-3b72-440c-a3f5-dbd9b59bf268
11375183375,835c3a53-8763-4462-b3ec-9bf9a9fc8ee1
12856685808,f9f94e15-79b6-44a2-bc32-4aa9c7f3e8ac
16638748194,26de49c4-6591-431b-94e9-a47e6b4f0187
14404419791,a8f35a44-4629-4279-9fb3-be67588a6d4f
19981248338,4ee04923-51cb-4eb6-87ed-161cdd7d151b
16331101688,8697779f-9416-4273-906f-7d9b6c0ec962
18215438734,3dd9dd1e-0f41-4562-8c2a-7241fbc8e596
17859305979,ed7a4a9f-93a7-442a-8b2a-194e528ccddd
17047447997,a00da37e-88ca-4ea3-a1f9-f34c1a1cbf9c
19649066959,71c3820e-5f66-44ec-bef2-4cbc18b4fb94
12180364928,1ecb79c4-82d6-4ebb-9a67-a77e68dc2ab1
19563989873,50b91571-274b-4734-9f5d-0b9e8bed0cd0
17992547230,0b9d7c05-77f4-4c3b-a710-92fe7b88f1ba
12541575491,be15f9bc-fc5b-42e9-8286-27058d05777b
14050485021,c84fed9e-eec7-457d-a9fa-758b96e9c645
12249638437,c8f9ff8f-d789-423b-a992-1a0e0609f402
17485062472,2945a44a-b499-401c-9a79-27ad0a7fed77
13347637256,149af254-cb17-4c36-a8c1-8cf08e975917
19278990699,be279e90-d9da-4722-ab6d-091aef473a1e
13859497899,97269acb-0783-4097-a473-26111d5865a1
18016040993,b8e47759-1bf5-4e07-87d1-da250eb0b524
14446706428,f0f2558f-a023-4b88-a8d4-f7fe11845824
12338463941,aea5f1a7-3e8e-4d9f-b368-501458d7155a
18246845830,51f2e659-af0a-4986-955f-cd8665ba3429
11592313337,1be32102-6bf3-4c14-8cc5-892ce7d18916
16668960462,66db2c3c-114f-42ef-a8c8-17b2b5e8bc8c
11274052021,3c6a8124-9733-4752-8841-ca3e1b39a6ec
18139573622,b9796e68-5a51-4792-8796-a4f15400a38e
14583788305,b4f83a8f-423b-4bb5-bed3-f65cf148d03c
11325591018,1b94bce1-84c1-4b94-8c08-b84cec271ac9
11936123600,c2e5c35b-9053-4e51-9cb5-626ba1d81ea9
11093697340,b8515a2c-6ecb-4b92-82e3-3e428d6fd9ed
16763826253,e0f8fc33-8fdc-445f-b30a-6cea6139a5b8
14569351985,9b2cdc09-7550-4a72-9217-9b8b11319b41
19885298816,9d39708a-0f0c-40bc-8183-97eeb7cad018
15992826694,0ad3f032-92d9-41fb-9732-e16900881c46
18805697380,2461eb2e-b46f-4e4f-825e-b3d98989a5aa
18798287637,fad1814a-8d07-4c08-824d-5a14e284c62a
13584458823,ed9d5960-fdc4-4849-8839-fae59a59e413
16140462074,907cf110-5356-4bce-8111-05dce480b448
16087775549,413b8103-a01c-448f-8083-d3ebc0fcdf2e
16948330198,24c06451-3825-42be-8658-0c82a4e974a2
11499336105,32fa2448-f509-460e-a6a0-522c0e3ac8e3
17061117120,9ec38362-ec0b-4e0e-9272-833b8efb3895
12224265056,cb6d9bef-8742-44cb-989e-aafecd82d6db
15892737470,58a06107-d862-4d0f-bc89-b8a5e8cb4046
17592330927,976fb0f4-76c6-4852-9718-9deeb89f5b7f
17330075143,b98d0079-e742-4dd3-a646-7fbc20dd5278
18418580856,10cc84d1-3722-4f30-80d8-eb9b0e70f2f7
19509954250,36763ed6-389e-41f7-97f1-52b3e8ec9a0e
14672884911,2fb55523-af7d-4ffb-9da2-098d7244bd0d
19291768931,404b4720-a183-446e-ba74-e012cf0b02b1
18798141438,58915c71-cfb3-4f51-afa7-d3468cfbad22
15248475787,e3495771-5f59-481a-8523-ac56b6585255
16868484840,14348cfa-3fa6-4c58-8076-bb103b5b6ced
14038883416,49d0bac5-e77c-425d-b8ee-fb2256232b12
11198459467,03514043-6ddf-43f7-b6cb-477656499d01
12352137980,9e66d3ef-d75c-431f-8984-8467fa629130
19906131442,b3b8298c-eaeb-48e3-b284-bbc8116b857e
15956268991,30972dd0-1c0c-4b7e-ad2b-931d99340183
11898911839,5f8774aa-f713-480b-a440-a274443bfbdc
17566396236,396a3a2e-fe82-4c84-88cd-6a2410e7c8dc
14585328619,34239cf4-f07f-4711-aa15-9c737c819219
14722862661,f8e408b4-5f1a-48c3-850a-4630f69c7b38
15328313275,7778eba4-6e7b-44fc-91c3-e9acb72e0321
11533724792,76e49908-80ec-43f0-ba2f-87091236c650
13966889237,7f310179-1682-4f26-952c-6cc954c3f9f5
16322612985,593ffd43-199a-4afd-a1dd-0e0f7fbe0bb4
18801888513,cd23d4de-8841-476c-b864-41040c856bd7
11141038441,53f11932-b862-4ce2-8da2-2d1890127d31
19275044846,6c712361-7648-47e1-ad6c-ff09aac38964
14053861189,96a4b0fb-5f73-4f7f-9882-9581d6e4a755
15416055109,fe781365-85ca-43a2-94bb-1866b1038bf1
11904011952,f5b2f115-879e-4c5d-a78b-d42b9b2d6198
15344416441,2360d817-544a-4e23-8d19-f59a21f22d57
12383842889,e2408ddb-6967-4ffc-899e-a213f93e041d
18895979391,91e3079b-b9a6-4b58-b7c6-2e16491fc7db
19499626404,ab8ab3ea-8a79-493c-8fdb-3cb60eacb969
12742021958,ab869f9e-554f-4f60-854a-d2c77095cb92
11485995384,379402f0-2689-4bb3-936f-c223b1a52910
19778484235,12112e31-15c5-4cb5-a8da-ea2fe928c399
19298628270,bfed9a15-0221-47c0-827a-0774d88826a2
11163788792,a5e3e68d-25e7-4c2c-9209-cbc8ce8c6e81
12872824052,e85727e7-b152-404d-b38d-1efc638d7d5d
17726981497,48cbafe0-2391-4a64-92b6-1080c0e98087
15450841887,af93a0b6-942e-4391-800c-d880f4f67122
13307295318,2ac6d6eb-92c3-4d7c-bffa-5c8256c8bcf2
17434263283,460a1590-19cc-462c-b9c3-80d72f2b911c
11132670573,236aab1a-c398-4497-b8e6-e3f6feebb29a
15443214440,ed1c5c67-41cc-4ff4-9da4-837293e50f25
12880524097,8e767f4a-23a4-4bb4-bf5f-d7f1e3224d6e
16335701127,278e5089-7f9b-45f2-81fe-ae2a1c8217e2
19532353084,dd2d886c-1fe9-4bc5-a414-3eb185841a9a
13585781824,bde4f9eb-424a-4c6f-b7bb-712fc4436cdc
16364285313,6e10de8c-a12b-4823-98c9-4edba5383089
15134189968,c3b71dfd-1f4f-4274-aada-5c428a8ad63d
13297698480,1c77f873-476d-4b8f-a1d2-d0a7e952bc7b
12524925324,71d9eea2-2934-4a95-a9ea-ea1b45fcbd1a
17805032000,d93ddd15-a5c9-43bf-b126-3ead34acaf90
13361145002,697a85b5-5714-4f61-b6c4-ef537d6c0527
17055340826,f7682364-81e7-4a17-abab-71af77b18f5a
14640703408,f878fb2a-9239-446c-afff-8c083ff23e44
19034026329,5941efec-dfa4-493d-9452-3e8286591488
17023701609,76bae667-a149-4ce7-8a65-0b4ca298eabb
12003086251,06e327b9-8453-4762-a963-f60cfa28a386
18742605838,12cb3473-54e7-49ce-a0b6-ffa80493a2e3
14910574364,6f4c85c4-a6cf-4943-9dc1-a2440e5e31d8
11372670277,adae7817-c07f-4792-9cdd-485199cf4ab9
13143197990,ea763eba-1c09-4136-aa26-13ecdcbc57af
15953730763,c288fead-cae4-4d26-bebb-7ded2865e7d2
18476733883,d07705f5-22b3-4cd6-a2d9-d772657deb09
16571640407,e058f016-18ff-4130-ba7f-df6e54d22a48
15288741956,08120284-39f7-4d60-93fd-d97dfe2d3d3f
18226280346,1590644d-c70f-43cc-9f99-6b7f8a9b6f96
17814312720,1f786f57-a907-4880-8f86-9aeb6b57e225
14502709416,cb44a1a2-8bd4-45dd-aa05-7b076fe90db3
11573722788,ec8ee0e2-2a4f-4795-ad79-93358ce3b4a9
17584284112,a71e63c1-22bf-4050-b077-a6eb1ce09211
16326912620,747a7e9e-b793-4ed7-a294-203f00e538c5
12297538293,7f135805-832f-4bf9-b19a-182e4d875420
17708621603,55ecfbf3-67f9-41ad-a451-220e32cc0c88
17800085255,5a3c98ff-ee58-4e27-b407-65e29349e3b9
17192276899,4853ce79-cb38-498a-ab96-9e61a950bbc8
14685308473,5b682d1e-8dbc-4806-855a-f8b01b108b44
13388164135,721ee170-f2c7-40fd-a62d-67b4d58f42aa
11866755010,23c2b4a8-d737-425f-b152-10395cf5c17b
19047760208,cdbdf1ca-b32a-4a0b-ba97-ee2d93f35b00
18736907420,b23cf124-b7d6-4581-bee9-4d162c1ae0e4
11606168951,760fffc8-6144-4335-b629-77f965071eff
17654768732,b40ac670-1e7f-4389-b338-c77057bd0534
11129778943,a3c9d43b-6804-4486-87ac-dc1437d7c3f9
12680796574,4e5dac56-fc61-4a5d-b8fd-3cbb1fc36755
14654901459,390bbbca-10a9-4a71-a672-c4ec28b1e902
15771431008,473525c2-e588-4b8b-bcfa-b072ff21f43f
13194785956,8fb4333a-9ff8-4dc9-a2f7-72a49ee268c8
14559498114,7b1abab4-7995-4e64-84cd-08daa46ed82b
11291318931,343ad1a1-7631-4e81-8142-a1704493a15e
15014427435,170d0da7-c6cb-4f74-a40e-67206d2bb939
13416695973,36675f4d-3840-473a-93f2-7360610ad36b
11168882213,a25f26d6-e7f3-4e41-a7b8-7788ee021e4d
19714091562,6ea1ee62-5262-4c9b-9770-f0c7bc152620
17738758730,58b2851e-277e-42e7-a539-9fdddcfd1e77
16803975389,d8ff9bdc-f809-45c6-a25b-b6ebca3c7964
16331329126,0611bba0-204b-4640-af1d-204f4b946bc0
14438689736,0a6c0d20-72de-4791-baa9-5a9d11a11ed6
13262916893,731ca4f0-5d29-484a-a6d4-3854086195c7
15484482656,4fddea68-73fa-4774-b3a0-700b24787c0f
17028619285,a95649df-5faa-42ed-ac37-0813193fe348
16533839194,ec6097a3-2818-4ec9-a470-cbe56269ffc6
14192559108,fc69f847-c814-44a3-b357-cf0a004784d1
11395323547,3b4b0563-8c05-4aa6-bfde-94fc975276b0
14923934826,d73ca6ce-df92-4c5d-abc7-e81078603ed7
15043697614,2d912f28-713e-4db2-b864-aa7e2d60947c
12095657311,1af0eacd-67f4-4414-86b5-d8e717b884f2
19647812667,7c53b8ef-0472-4848-9486-2b7cb585ccfa
19239921050,7a5ccae1-13b2-48fb-8a4a-4f35de4fe40a
17389557092,c04d442d-0a27-41db-a2d4-3abf76e27595
17087390386,767a2eac-f9c1-4953-9e87-b22b2855c731
19688347497,f0117862-ddf4-4a2e-9582-cab67a6953ba
17561537519,848300e4-a8d3-4831-bd41-72570fdb845c
12992010175,cc6ccb1d-dfdf-4473-adc2-0131462783fe
17119993854,285f0fd8-bf6e-4984-b282-1708a1ac533b
19444201605,5533331e-cc47-464b-8dd2-e10b4c315ea4
17543704277,222617aa-ec51-43ee-a3a4-fde116cffc7c
17667651387,69855ea5-46a6-48af-8874-63231df86fbd
12765893171,66f1f93a-3d9b-4fbd-b97e-2182478522c9
16883210867,d3c31f1d-a50a-48dd-863a-34e07680ce58
13541724553,1c19b230-c370-4e42-ba63-66c0d87cf310
11735411313,1df177d2-62a8-4a5b-a9c1-0ca258e4d3ac
14714681911,a7c1ae9b-1e4d-44cf-ad20-786044fc3dcd
12373255250,b211fef7-3188-405a-b2c7-b48d21e0b6ba
16329246590,d33aba72-4ca1-47a6-88e7-03dc660bdc3f
16979575392,d26a674d-cb47-4454-9f24-6aee9c8e5720
19406672039,fe8627be-f140-4a69-a13b-8a981f448c58
15576600767,0e76e550-d9dc-4326-a51f-cecf8767dd9b
14370066932,107e3cfc-544a-46bd-923b-35fcd0f24945
19306703765,761799c1-1c82-45b0-8962-0b21e2b3fe44
14732359471,b36b447f-7e64-4494-95cd-4045af9e5a63
19222640890,bf568f6e-e37d-4153-a4c6-c0d63889a502
17207362261,6487bb53-04d7-45da-8f58-1d2a05d20f99
14311371401,fc8dd80d-0059-4749-943e-724f7df2ad0e
17511648717,9c4c352e-600e-4009-b671-18a6765941e6
14494024434,85657de3-bb64-43c3-8759-406a34f82bc3
19610303055,840f034d-0082-47e5-bfd5-a6137053ab50
19378199464,81fd66d8-62ab-4180-a5cb-136f3e1da00e
13359297312,ca464926-dd28-40e3-b5d7-977d0a772c63
11285279823,2c7ab60c-7833-4f90-bcd0-10c167059a08
14055836882,c86f0cdc-65f0-47c5-92ab-5cee1774deb7
11981253890,939500c2-4d70-47a7-8149-a7ddf30df113
12571797046,ec28047f-858e-4603-957e-026fe85ded6d
18959923692,20e504a1-f345-4c5a-ad81-ed09f8858ad6
17775947585,5dc01ad9-33fc-4b4e-8f73-b048cc660d25
16107138154,974a93e4-f878-4ce3-90c4-5b62399b6848
17127493970,8795b6cb-4f82-426e-be67-d68d058d1d78
16549236739,406123f4-13c5-4b02-ab88-e4dcf237c075
19551065925,3a7b6883-e955-4590-92a7-7de1447db08d
17334578010,9255a08e-fdba-4bc1-a662-b3da6ec5a158
15107840005,9437daee-4b95-4041-9abe-a9bc55ec8af5
18888954054,6c1e8241-08f1-40d2-9081-5cd262a34c7e
11637054792,92f2d771-04ec-4c02-aac5-3fd6e412ad44
18197409515,35bda11a-fbf7-4cd4-bae3-1feb840bb254
12339399639,fad4871b-0b06-4c30-b0b2-44edd1c50557
12641508244,707ad302-d4b7-47bd-8fb5-4d5b1e83bfad
18844542833,7502e01f-2aae-40e3-af23-aa0f9cbf0727
18407027735,7e0d5d86-39b8-4bca-aa38-30ef76253196
19769582156,a3d29434-2af6-4a05-a45e-39f85ab0e804
18312544903,aada5348-4d11-4c31-a6ed-29f00d4c6923
14260040961,e26f032a-a093-4533-8c3f-45a8cee8d8e4
18009567470,d1e1683a-3d6a-4f52-beaa-4e63122473c6
19363812713,a2d9f4e6-b48b-4c08-92c9-e4e66ae0ad9a
18061675879,dd2229fc-6fdd-4c19-8e12-e1ba0b3a0e8f
14496298603,e54644f2-bc29-4690-b0d7-5e7fa9bb8e65
13293135045,48adff1e-f551-415b-b590-913b4457ed85
16530550015,7e2c58ee-480c-4a35-855a-eac3e2c2db3c
19196222312,507fc7d6-0518-408c-8fa8-b9949d6dcc40
16749917608,4b503726-6ac1-4d9e-ba71-7e500c832c2f
14480017274,9aea7a7a-aab8-49de-937c-06bdfd39fd57
12069276742,651dd39c-8656-40f4-9c5d-487f408a1677
13755631410,cc737fdf-6100-4977-aca7-88147b7f0e9f
13892439964,1c06bb29-dd3f-4f1a-959b-93f4185b0193
12623405057,d0eade1a-6d4d-42b8-9e94-9088b4e90429
16324906870,6fcc6082-b01b-4eb0-b548-3b59e061549b
12762362500,f5d94cb9-9db4-41bf-bc6a-c213e76b23d7
11948786988,5b497952-f09e-4729-85cd-a16ed93681b6
16348262140,893c68f9-ebff-40cf-9679-9088b9e81c68
19534091655,3fdc8bdc-b13d-44f2-b644-c4826a2fbbef
14083493095,1143f8c2-c061-4dbb-9eee-0bd4a63b779f
19905373303,84bacfdc-7f9f-4bfc-b6b9-d1b58546765b
19585398638,e8628a3c-6c88-495f-b844-d516bf1db3d1
16610211356,5a2467e6-95be-43fc-8ba6-b66bd69cd644
11221086411,550524d2-643b-4d72-92da-925bb510fd56
19282926767,aa9fd895-71cd-4880-8f0b-c26821df548a
17432638920,83de17f0-3c96-4796-b89c-19e24b857e3c
14230101906,615a67f4-6087-48dc-b025-c2e4178ca5ae
16127294460,95c6a029-13e8-4001-83c5-0a275808eecc
19280432399,1dfeda67-6124-4304-975c-2cb4c997076a
14663507953,3bc34b15-fc42-4df1-a698-6ce284c7010b
12509713814,9e6d0035-68ef-4ed2-9cf0-542a8885688e
19846075364,b1a00e1c-f8cd-45f7-a1ea-64ebc6fc9562
12518423720,4c9f2cf8-ce97-4c49-928f-c52f9dcbe3c9
12277659520,4be02651-8e24-4a01-9df9-717db23a1864
19524343233,107fbdb5-b0af-4fd0-ad41-f49e7d47fa2e
15410875845,18ca0e4b-02fb-42b3-8af6-831ada2db17c
13228918847,8567bc7f-e9e7-468b-8db9-a384e0035abd
13789779892,f33814bd-2a1e-48b2-9ec6-a67e07626452
11916090804,b3fa20dd-cd00-44d5-bea1-8099f639a757
16589277767,c5838428-5862-4136-bc80-09d1e69741fe
19183222367,b0d1db46-a05a-491a-a8f9-0893951324d0
19580275923,962c46ff-4dac-4973-b3db-00db0866fdaf
17742690923,695d6885-7d2a-4cc1-8a7b-d4fff7afe20a
19298809633,de35c8aa-ae13-41fe-af0e-cf308f3c552b
18674022446,3177e769-721b-4297-a838-a334c27e2734
14487788116,7d355a96-5fc8-480c-b178-75dd93b56525
17236975496,2bf00ac1-e20f-4797-99bf-4f65ad6d35c4
14136553251,19298636-cf29-4990-9133-57a381c6f19c
12642687312,b6ca58a3-d629-4ea5-a9e5-0fde03bbf279
15772510469,8db7b739-0545-4305-aa7e-dc69fdceb3b2
19823568804,b1ceaec4-2f16-44ea-a79a-a367cd6108a3
13586477885,ad43b2cf-0473-46fd-b2f6-9bcd821fcd1c
13552538864,8a0bb332-baca-488c-9823-4af523e7cc3b
19875745282,fb5f82ae-f720-4fe2-975c-44a9b03bf4da
14298398978,55b1d1c9-231b-4aa2-a6ec-5adc98d2340a
15213730346,342eddaf-8413-426b-9b57-9a78ad3d89f0
14931902063,d25c6e9c-8b66-4c75-8f88-b1ae736dd2d8
11488286880,10f241dc-4179-4333-bc3a-593fb9266847
12548562501,bdba2dd4-2b6a-4014-bfa2-d563dfcd143c
19151589654,10ae9127-7874-490d-a6eb-d30b2ae13649
19564621627,566afe8d-7b8c-4825-aee0-235e5de97660
17772125993,20d16bfe-1706-4500-aee0-5cda7221f865
18870192961,6a548226-ef96-480f-b676-eeddaa0ec574
19477405164,03ea383e-36f3-4791-92e4-fe62ff0f7051
11728255867,9f4097e0-f791-4573-ab3a-e71088397f36
16459007518,1f0adff9-abe0-4017-a3bb-1253a0ed54f6
11297594918,57adf35d-de9d-48ea-8974-1c74e1abe6bb
12928050501,301da3ce-d299-4a36-9570-863dfb0056e9
15224424956,8a63c00e-5399-4395-bb84-c6fd7f2de5d1
18393703108,035c4f00-6c67-4086-8106-55b3132be839
14574563238,432906dc-13f1-405d-b735-0043c8376221
16887952215,3b21fd95-13a7-4aa0-82d9-34e9a34d03b9
13026459115,0852f8af-2e14-40d4-ac43-212074833d10
18562475109,3567d233-fd2f-4178-87ac-55601a410447
12243510602,473b3e62-8323-4ca5-89c1-39162cbe6c0d
15166617046,9c2a8de9-2826-46d1-80dc-f40613993fa7
14337067821,8e2a5282-fc22-4aa8-9703-db12c6bdaad3
11075181278,f7345e4c-1768-441e-bdf7-0f27f1f22184
12452758284,3cd67d2e-ff60-4ea1-8e78-6e39070d59c2
11311002342,a2a69573-b138-4f69-a699-d7b327ae09a2
12290484455,5cb41fb1-5e13-4776-815c-79b17d95722e
12503848318,041dc85c-a9f8-4afa-83c2-e65cc7b2b288
12264446981,dd4581c6-bdc3-4651-a9fb-989d38fd3643
15326782418,7c77d3cd-a5af-4f82-9c27-f9c51562cf28
17151218136,bbc48af4-7ea4-4a13-8eee-6ae883aecd11
15553457649,ffed52b6-ee04-4da2-8166-012ad6173ffc
14375068277,561a04cd-249a-4d02-86dd-d4689aa352b7
12160831614,78fba4e1-1338-4941-8f6b-263769a20b7e
16950045616,69dc248a-bf61-4d4a-b9a1-98f2da1c2fd7
14400237812,0ec14449-1c06-4d74-bb3a-f02c31bc58f9
14625319772,bd23c537-7124-43e5-a518-7adc045a4a4b
19778577362,c57e1210-ccec-4983-9e0d-a37670bd4fac
17029383258,3ee3a7b7-fdae-43a1-a813-20ca354b90fe
19357280959,9f3bfb39-29f3-4d01-a29b-0f97e2e0781c
13173103768,96f6f01a-9abb-43f1-b0b9-b9e2949cce51
17698462725,b7c85e49-2c7d-4f9c-8e8b-e12520113e12
11691816062,5491e9ea-a816-4435-9f5e-3818d44f240e
11389288881,df6cf784-4d11-4b64-8658-df17967ccd39
19570832819,8303e20a-fb78-4aff-861c-b15beba2a444
15908803083,db487fa7-c162-41fa-91af-c9c26331eefc
18449544924,f91498cb-eb13-4dff-b8e4-c6437d9cf5b9
18043568927,3e1a4011-d9c9-4842-b789-845a10c8b4e6
16988859614,7c5609a1-e211-4074-8aa7-f217636b27ee
11547250239,c169d03a-e4cd-4c0c-a1f5-0f76f0669f4a
13233126169,5a795894-142d-4d1b-9fef-6812526f7268
18757769073,10b813c4-22b2-4e11-86ed-ce5eed84f817
17694547806,691e0e6b-0170-492a-9fda-f2b73ef75435
15263373166,b82f3555-5c3a-444b-bed4-ea0606ad3a6a
16394538652,0f84e4fd-dfe1-48c2-90f6-2da9f1c39a9a
18716065865,e22f4075-6f3f-4f1e-a241-27051e4f2d59
17946049768,ad72e246-9fb2-49bb-afa0-84948d833ba8
19591824043,6a0f4f3f-0f45-44a6-9566-59b82f86ef6d
17580561656,bb4b264f-8f7c-433a-866f-6aabe4d26972
18391941085,b26eec40-ce85-4ce8-9d3f-510ee40ac90b
15896535771,7372133e-41d1-4d36-a111-560550305523
15616628871,25232eb3-20a2-450c-bf5c-ddf0b88db76d
18740458337,117dcb96-3b5a-4e7b-963b-c6245d197f9e
16539127813,698be138-e571-4aba-95bf-bb306df9c257
18196435674,056f57f4-7b73-4538-a4ec-56f28e028aff
16633968223,eb9aec4d-a533-450c-914d-0ae41d1f41c4
11563333835,2ff17f7a-6be4-4194-ae9a-b13d134f8eac
17243702506,85222361-53c0-451d-9a29-f5c54c27358d
11173822142,4cbaff54-dbdb-4d4a-810c-e37f7b5704b2
14064842671,c3a73c99-cb17-456f-8e2a-e29bbc0caf78
14146203159,d3702ea5-268e-480b-83c7-99e11f457a92
19852647797,affdf228-c24f-4aa0-beec-5062ed2683d8
18860233310,a3d4ace6-3885-452b-8fe8-9afc2bf95822
19393894571,76949312-3442-4724-b887-7d6c21825619
14850441066,33b82a8b-9043-4751-b001-5d2059f7601d
14094617183,cfcb0322-a1de-4478-b80c-e98f6ed9913a
12463561601,438a113f-87fa-4834-80dc-1503b8a7bf8e
11854153434,1159617a-c51d-4917-9fc7-c110cc8f5368
19271991129,05ad0978-9be0-4bdb-bba9-db7d9f13ef12
12657691306,d56b36dd-cbac-4d5b-87fc-ac80a6f47bc4
16419231144,5e0673a1-dc3f-4664-be5b-229b58bbb949
15471966183,157e3bc7-f1f2-4e8a-a168-a3157e0c27e1
17643604303,b4804ef5-0a84-4604-b159-972414ea558d
15946349274,b0d96312-6950-4ced-8ac5-5214927a095b
18870611146,b887d7a7-ea19-4917-9c09-1b822a04ed94
19157651489,9b7e5342-642f-4e9b-b227-b02eb70968a8
14007647065,c183268c-605f-4238-8da7-ebda4ab30855
19824173280,b1ffaa21-88dc-419d-8fee-85663662c006
17687969803,91f87e2a-46f6-4ae1-b2b5-3cc454f501cf
11875788725,a7d93d66-3012-4efd-b27d-b85367ebfe40
16149979943,e4ff3fe9-58c1-4522-a39c-5cbd901f9f4b
13935437703,4e4b779f-b0bf-4cf3-97c5-a0705f9dbdad
12289517253,fd049807-c421-4274-b6c8-730da98c4684
13039942718,c3226ad8-0eb4-4dcc-8d0c-440b93c56c36
19674502712,d89bcb21-ebb1-45fd-a8c6-36ee27245072
19024228055,ed88e805-bcca-4deb-bec2-3371fb333ef8
14576041564,01e722c6-d12a-40ec-8b5e-75f45e3e5b64
14384594234,2adbd371-3f11-4cf0-abed-b2f3f35e1d1f
19262954698,080c0276-8ee5-4715-aa16-379022bd2d44
11437235821,ecad551d-924f-43dc-8d51-d7556d2d622a
19034999958,d762dec4-3e64-463c-a50d-cfdde567e72b
17165828119,c7ccc01c-e680-4a19-9fcf-a9e7aceff4dc
16934601332,8c3c48a2-2533-4b0d-b56d-3ad026f3dc88
15187725724,c5ea1dd8-8141-409b-a8cc-5899b125cfa5
12069374691,18d7cfec-23f2-46d3-b131-ba2385550da2
14721688004,2d9072fb-5229-4bc0-8fa8-ae686307b235
16458633853,23ccc5d1-aa1f-4d31-aeb2-c9e2fa599ee1
11073728740,70c00e79-eceb-4ccc-a0ea-afad149d298b
17693521432,9f0cc0b3-4285-4c8a-beec-7e8578befcd5
11353571338,7186399f-ae7f-41a5-b787-a6d59a6aec50
11776369230,1bc24ae3-bd93-4ab1-9a98-a3ba1fdc1e8b
16249623999,a1fb4d93-088a-4381-a9c2-b0eb365324a1
19772180939,ac022150-3c4b-4230-9438-ee97d22d9786
14825879808,cc83c141-58f0-4a12-a652-882583a4ce64
19060664913,825cf759-efc9-44c4-9a6f-df9ee69f3e6b
13856221170,e793a888-22ce-4ab9-8015-4518aa3521ec
11957180288,3e3ae08c-a59f-4ce1-91b1-ba818d305340
18341725778,f4dad90f-219d-4bcd-b227-aef21c1d0ee2
19788555992,57edc88a-d058-4027-a407-6be702fc393e
12127938311,f1ffa6b6-793f-4cb1-bc2c-21b345097aa8
17274895897,819dfd6e-6c46-4be9-b2d8-d7d2829609aa
19220479071,cf01c330-569c-449b-b1ee-3f2865cf8dbe
16396361466,df1c3d20-af6d-4141-984d-b5f2ea5db169
13418490336,de2c2396-2b68-4bab-819d-ed05c12beb23
12873520326,e43f5b7e-5a57-4dd3-a117-2c98bdb8c757
12811068709,62cf5e02-3fcd-4340-b582-3207eac5ba61
14968832923,b95eb2f8-72a0-4a7f-b901-926745b7d6d9
12473253895,42017536-ede2-4fdc-8d6d-c7977f9baadb
14594326800,200410b5-041a-4d38-93e1-6d58365465ed
18075780020,2f9f8f1e-d348-4483-8add-c08e298fc77b
14132679836,9c41479c-1b99-4c4e-bd89-71e30be2c794
14451036817,9df8f225-92f9-43aa-ac63-5f68e0e43284
11744749856,fd5f867f-d1a0-4eea-a72e-2e122777ba31
19567145216,d09ac090-fc94-4fc6-a317-1d5bcfda62a2
16857813913,cf036455-6427-4469-8a02-7e8aabbc405d
15520992193,61f7da81-a9e7-4e43-936c-c847c546ffa5
16244930431,c83b3ec8-aad1-4b41-8774-c1fde37d17e0
19099447847,16e6c0d0-bdfb-4965-8fe7-b5ff8712f101
16272509021,10dad440-274a-4156-bdaa-32f78d851efc
11760661771,adf6045e-a489-4576-b3b1-8c944dc2c31f
11718407112,61f77c75-a7bb-4187-a1ba-3e85f7315442
14029506126,9bae15fc-2039-46c1-8cf0-c9117ec6ed58
11442182130,40bd79ae-0f31-4695-8aef-3aeb49e139e4
19889403547,f54db6a6-8775-4222-8930-8b381c077f5c
16848741956,0b59e457-b888-44de-add9-41e0496c23c5
18388666171,42cd7c27-07c0-4fe9-ace7-a46c554b84d4
16102232999,53f9be82-7784-4010-8fe3-fd7fcd11ecdf
15791185574,05379ca5-f4ab-4ce8-af6a-eabee81d8e59
13917264260,ba16265b-02d4-4d9d-81be-71683f97e173
15370950880,b78ebf25-4009-41a4-9852-c74e230977ad
14004627900,b033ae0b-21ef-4a9d-82a9-7d4880fecfed
18526887109,2d4bf8ff-edde-433c-8414-ab8c396fd1d5
13714515179,fea0d9b6-595d-4ff3-b807-654065c25fb6
15808015321,4ba5c6df-9e64-4fe9-96e4-d537cdba35ce
18099422637,0532919e-64b4-4723-b66b-76f827c59556
14881502444,bb6affa9-b5c9-483c-a506-9989d548a28d
15415807847,3f6db08d-df11-4140-b20f-3d8a5fc73c38
19169037878,baf1d7e6-4703-47da-9a63-6c5beed27674
13518195238,e7ac5b54-e25b-4130-afb3-661134afcf64
15788750007,bf421991-e033-426a-a84f-ed8933ef3186
19539942388,e8858a2d-658a-4060-b277-2387c8892746
17383478032,aa087c38-a000-4a26-bed9-6d58c6360e76
18929060436,ce503e66-e9f2-4ac0-885b-9714beca65ab
17931738527,889bbc8b-a8de-4f96-9b7e-b32f1697e0f1
17740636023,6a231cd6-0b75-469a-aad1-6e32e993834a
11602914554,4d475406-e67d-494f-8c95-a28c65eac9a4
16373069333,5dbbf709-7090-4697-af46-4c127b771ba0
11908684718,85e72125-5e48-449b-b8f1-c10a3fa41b16
11519045895,4b258a7e-3ef7-400e-940e-272ca25f62c2
16594150136,b58ca02e-65bc-4ab0-9e8a-5989b1bc9d3c
19905632832,17178d18-d824-4319-8daa-251f9d6cc2d1
11981220291,dace96df-f774-4908-8719-dd0e34d0f6f3
19324149268,3477b9f6-0a63-4729-bcbc-b4efa386f5be
19672833880,4424a0e1-f87f-4ff0-8925-bd3db7754d7b
18940167702,f781793a-f5b4-4adc-8eb3-41089b4e760c
14274930879,bb3f7165-35e1-44fb-8c9b-23c16c0e796d
13266273534,82de13c9-8999-40ab-ad25-3881ee498d62
18343653015,449c334a-e42c-4eae-9234-f70c5be3302d
16669940508,8bfdb563-8fef-40c3-833d-d6f897e4d32d
11732829214,92c2ac93-4272-4a8d-a741-55e25edb82b0
14583709543,14eaeb8a-0d0b-4bf6-bb58-ea1e775922b7
19142260897,3be465b9-217e-4149-89c4-24fc9b7f3e62
11155166120,d7d12613-7042-48ea-939f-561b5f29f7ba
17800154676,19694421-b3b9-415d-91bc-e96689c7db51
18634330522,b24676a7-5641-44b6-b40c-d4d420faed59
19895316133,294d5025-5554-4fa7-8c23-15d08c55bdd5
19245408831,d298b773-8455-4f7a-bfcd-92002367d6d2
14615580439,2f121688-96ab-46bc-be44-44afcc1989d0
16560888511,ad208aba-35c7-4d8d-aad0-b6148610564e
14909235638,5674a28e-055b-4c76-b09c-7c4660d4ab54
16509076746,cfd3b8d9-67b7-4340-b9e8-8eff6613d2a7
18280145148,c75c8c62-30fe-4fda-a2a8-08fcecf47cdb
14318877134,78ec55cd-4b34-42eb-b811-511ca40fe87e
15596713650,722d5719-5feb-4dc2-af7e-ad7bc6f04de2
19831685423,f1727952-16f1-49dc-8524-add5109b26fc
18599281767,c03f0155-d2b9-43f6-853e-62f6cd762292
18481537967,30344f67-83fe-4f39-a072-b075db79d69a
14834948315,cb20487b-0552-4f6b-acab-c8b55895ff22
18202694015,ad7bf0f3-9505-40f6-bc09-43897897ba1d
17625402426,56f2571c-c9e2-442b-9ae6-29a54fc92cdf
16438634462,a7c9e06a-7cb6-44ae-b075-0bd514576fd0
11682459684,49151160-b8bc-4d6e-b375-1bec847b1a8a
12550784424,125d095d-8f30-4347-9a1d-2a97af464b9a
18780347821,bfdda2f1-a9bf-43b6-9e39-088194f0d60c
14006887006,2e9e97d0-29de-4ee3-b7ce-0213dff48b8c
16625058958,865fc625-6992-441f-8946-96ba4d8b7a1c
12351598488,26c9bc20-d2d5-471a-9cce-ebb68203ff64
13896394224,a17828de-bcc0-4b71-809a-f958a6d7343e
15234316430,9a69c12d-7d86-4fd0-95e6-81c205133ab8
11206850167,cc3221b4-a663-4811-b232-a05fb269feac
18999409990,27c5dc27-a5c4-4baf-806e-41f3549850a1
15224390223,81476778-e7cf-4b48-aa94-254e2866353f
17457580990,d87e0920-79c8-4869-9df7-03366434de35
13130699373,b4fd54fd-e0f1-4f17-aae4-c7c93cf86116
12369066877,827b911b-133f-4655-9a69-4d98242a6fc9
18438563236,78394bcf-e4eb-4181-9585-8af4daf0d752
11186435154,bebbef07-b3a7-4d24-ba6a-6a12889233a2
12877468149,3ff00c7f-8bff-4062-9b75-1547c0b76ca0
17584008897,76cf6240-791e-4801-95c3-b496565a8112
17076971818,d140b30c-1c07-4d4a-93b0-07559aebf9bf
14977111384,b0bf634f-5f86-41b4-8819-289a492a8602
19745500208,ed3ac2c1-f254-4f55-bf3c-6e804f753810
17264326317,792f8529-a29e-48fa-9a82-55941a2da541
11771940487,c2165f6c-0875-43f7-b1f8-c81c37c866bb
11596187843,5f9a4e83-c62b-4313-8458-5d7e3bde5520
14822675015,6491317e-aa7a-44c6-ad74-224be2bed1ce
16471695113,d5c86899-7083-4287-9a51-7862d2f95744
13759788116,e0e3bf70-268a-4c9b-9e73-3d4b174129b4
14041920347,bfe2036c-0dcf-4d59-8488-acab2f79139f
15806718791,34b4db3f-3b8d-46b3-b9b1-c05419f614a4
16995072301,f6324bea-e855-4786-93ab-7fd7eb432f7d
11578071232,d8036822-ad81-43ce-82eb-4b20af98794f
19407551615,979e8edc-a469-4e6f-a9fe-e91a2cc93edc
17025434206,2e9ac3a6-a24a-43bd-936d-1807c3a6e521
18699350232,9df1f740-cb9c-4fd4-b0bb-9d83b566f3bb
18227770840,33cdfff9-6766-407f-a145-455041a1adea
16016193314,559187ee-f9bb-4a6b-8f38-a8447ac65d99
11183800277,51c12344-3cf5-4be1-843e-87bb44eef96d
18158169963,21989208-7e31-4bf4-aaf0-b562a924ed14
13278083565,2c62742f-9146-424c-b727-fdd824a67105
11174921557,92b0141c-06cd-495b-ac2c-a06b1d84b06a
15785372666,bc2b67c8-8375-4739-8d88-ea7fff2d5093
15155690141,641568ce-9fd6-4296-877e-578086aa8568
13903080049,b21b1ef7-b7ad-4993-a337-b962a68b15fd
13925433558,96c33696-4630-4700-b707-8afe1706d6d0
18560553239,8bc5ccd1-b679-44d1-95f5-364d2d59f430
19491572116,7924b687-00de-4a3a-be00-39bb998625f3
18647610583,6dd151fe-3750-4d91-bb65-85ee87d13c43
13133641681,f26347e7-b49a-4964-8483-87b82feca83f
12322819931,97983118-1e5b-45f6-929d-a4ccb00494ba
13346669611,1f04d6ad-78a4-4e5e-8124-d7e1db6981b4
18017248927,7dc20bf6-9d9e-4b9b-8e1e-022210b80ba4
14742840343,0e636875-4d48-4ed3-93bc-1df7f35c0072
11677434144,66b82e9e-9d5f-4d81-a43d-0536b6461bcf
18163855978,dd0dcf69-2cfc-4ebe-82aa-d1750b8144da
16029494156,1c709c1d-ead3-449b-9e9b-52a690e84b48
15461107550,34347249-d7a1-4702-8d8f-b7acf51ca650
11761507172,008bb073-be2b-4cad-af34-8425471b206b
12931087111,0458b6c9-9e67-4a4f-a5b9-8068ca1a02c2
12753558363,7a645429-6adb-4046-9312-1652e54a4756
17270932219,391e7696-f331-4e18-8d67-44673de0fa87
15471931928,ea10f02d-4306-4aa3-9b8c-4c7c8da61875
12371618232,0acf5a05-c555-4c23-8161-4ee40d4ad5dd
18048192157,e201995b-32fa-4017-a7ba-5ab6899e757d
14357798545,01c5ba30-d90f-456d-86da-063ac867b32f
12246645744,306e63e3-c028-44ed-9c26-5f4c97542e12
15423251713,0daedc33-cb07-4827-95a1-3c9576c341ec
17856930946,3c94328b-4b23-40d5-8b61-cfc5e1e3c4d8
19667661850,396550a1-cffe-4415-bc72-8d3ba40b5bfc
14925132652,07299f57-65ed-42f6-9cb2-47ba44ebc450
14786840626,487d3755-59d9-4f99-9548-8ba36b8737dd
18150135599,f6806506-6c4a-4cc6-a3ce-e4360cd94b3d
14652324497,15dba8f8-bf56-4c6a-a008-89b762fa0ccd
14381018646,04b1a7e5-9f34-4f2b-a83d-f2a73edea423
17218742195,8a1b474c-ef54-497a-b58f-49c0ac385645
18623273624,41b016be-ec87-45b9-900d-6d0f07340898
16170066348,1df49b06-60a0-4f9b-acab-e25cb2fea613
13452389401,a6c0ab49-3350-463f-920b-5ba6d6b81481
14208373299,3b96e004-6b1c-4d81-a8f8-2274fcb89f23
15843620986,34133560-b1f2-4aa5-bba0-ed30ec104a08
14258993333,706fa3ea-8c9c-4f46-816d-8cd3c5933001
15155584140,dfa87ea4-45fc-4444-844f-ac8bf4492b2d
12334211585,412dec51-9c8a-48a8-9183-ee86975861e6
13996288980,363ec947-7249-41fc-9eda-339ab23578d3
19522867923,f956a074-c286-4ad9-8112-f9de23646fb1
17714547393,f03c9b41-a37f-46b5-b76d-6cbb81d5075b
12027696659,5f4fd753-0de2-4c95-ac8f-526216e80703
13252778004,aca9a1ff-2daf-4e5f-ae8d-c9de1c43bdc4
15669775364,6387120b-a90a-4246-91ea-c3b8fa2b02f9
12407188295,2cabf8c0-597a-4202-a2cd-be31c8e84abb
17128791819,c98e723c-32ed-4a35-965a-d3ec5f205c57
17326142755,d5a164df-cd04-4207-861d-8828c19749f6
19459650873,f8aadac1-fb8c-4962-b28d-936defcb1a37
19173834307,32a930ca-401c-43be-a5c3-dfb84d8108b7
12959102675,62764d64-d8a8-432f-9ecd-efc4b7112c2b
12675458526,5dd71c05-8eb3-4f2c-8dff-dea94d01deef
13598475341,72a5940f-bb61-465b-8a7d-47d466be53d8
13586425746,046707d8-cfa2-4159-96e9-ecd06ab10f35
17595187160,889fe24e-cf36-48f1-b42a-b49f2b8ba0a4
13141030542,185326e0-de70-42f0-8d8a-98d0f6d3d59d
17328428489,dc35240e-7be0-4e4e-a498-399126e6d874
16255389331,593c8dd3-0538-40e6-97cc-77bc8e9e5e79
14141928750,0b938a28-8427-48b6-971f-77ad558cc329
12355986743,f8f3cee9-f459-4104-bec6-f20098b292fa
19009480963,9b2dc238-61f0-4ebc-b0ea-dac8f5be04aa
18768306574,f7772aa7-9e66-4ea3-88e2-bf19385fb742
18954826320,124b6b0b-37d4-4ced-bbd4-fa03d61ceefc
12483219649,a8a3423f-95cb-4f19-a028-59af5d08fdd4
19706243747,6761532f-0e73-4e48-ac40-139822e067ef
12556631061,8c8ebf95-fc41-44cb-866c-c4a7f3e8c1d4
12754913818,4b0d5e5f-f9f1-4039-bec6-7268da644cfe
12187511157,5a80c57d-adc0-4d1d-8218-40f06b3ab40e
13519395752,ce09f99b-940b-4837-8080-a55d3d93ff3e
11511342104,4b175362-fb0a-4017-a308-2891e1365610
16623130538,65850cfc-57c1-405c-bf30-98058350ca5d
18655244675,80e84d72-3ea0-4347-af23-9b1413ac4eef
12353280255,6643e484-f787-4d2a-8eb5-6f7875ef6d11
11163566782,bd6a6f51-f940-4b04-bce9-56db27555dbd
13626887848,e69f3f35-fe21-459e-9110-f614f1ce3a14
12799133848,72639d65-e7c1-4b84-8121-29c06b4760a4
15777097720,c5b86fb1-d518-423f-a25a-2fe3a60c2195
12444816823,985c2703-ae3b-4691-9774-abb424f13253
17440711429,134f8b45-ef01-4cde-9e4c-6792deec9c91
13253772335,8d0795a9-d132-464e-b3cf-9559223ee027
18771536705,c4820315-ecaf-4a10-8855-1249f759ef88
18213908419,79c67450-774f-41fc-955f-b050888ca1bf
18769661707,d05afcff-b8cb-482e-b9ba-d1f4ab1925c1
18002453500,0ec1e15f-fbf6-43ff-913a-5d3b5f077803
12669419759,d71db378-9c9e-46ff-8584-3a7caf2b193e
17897211535,828b5b4b-2133-4c80-b55d-7afd139fbc4e
15245458936,2cdb1f05-8d6d-4ec8-9d04-46fbfeab2777
17306017033,f971a325-84d5-49d7-918e-0addc1679a53
15713737490,d93f8f35-695d-4be1-bb38-3ff49ca6a160
12196042134,94c61dc0-18fd-4480-adec-55d5a1939037
17371842667,0a633154-2bf1-4fef-bc3e-483e2ef80540
15270896291,32d73557-4a0c-48a4-aea9-eb40dfc3c40d
17584226228,46408d68-b6a0-46a3-9153-d06aedc8075d
16345402732,a804ed74-b67c-4bf0-a310-83f7fe5b1863
18111695611,af762950-05bc-4dee-8b40-bc3fb79dc3eb
13215472718,02c40f59-7828-4c07-9a06-36604b671f93
14786627716,4513e36a-51b8-4ed9-b5f4-ce3f557a407d
14831835413,e3d455bb-bb9f-4d14-8087-052c9e042e31
15152249851,46c0c303-e9c5-4107-9a22-4d1911cd8c7f
17223147053,276718af-ab5c-484a-aaa2-3b87828956b8
13434526299,84267be0-9451-484f-8238-eec38755b354
14249085077,c638e811-65b4-4452-912e-8c827c017ef8
14918319926,0412bd22-9f72-4fad-9954-4dbb380a1985
15622092462,2b83cd0f-0c89-4d2c-a18f-adc4936d312d
14851137192,bac373e2-7089-4082-9902-5c7d7657c57e
12232618556,c39cb11c-66cd-412d-96b8-3b4a951bef3f
14153725325,b52f44f9-fc53-44d4-a08b-7cf215c7dbb1
12674464268,969ab727-71a5-4781-9e9c-dbb79477e5df
18541427429,aa495782-a3da-479b-9746-dd1bf5de7dbc
12960135563,6949ce0e-3789-4131-af9e-1b1fc12ba09f
12372574407,765c1adc-bee3-40c3-b725-350b65d1d46d
18916147592,e0ea60f1-7433-483e-9b53-09721f014ace
17072956094,7f96b12f-172a-4d0c-aa8b-0db6a8e81e50
15946772565,8f23f7ae-a5a7-440a-9749-aa293000196a
18342593268,651fbdd6-f8e5-4e9a-987a-601e3888bafc
19541938194,7aee2a10-89d3-4421-9c5d-e695413d7076
18793081248,735f38d2-06b7-4908-a605-3fb03d0f412d
11050579437,b9a88921-8ebd-47a2-8450-10be16826044
15390038616,e727d9ac-fc77-492d-8501-24544343c0d7
13443186373,69d18de1-6f4c-45bc-a79c-a0d324da7d53
12311232581,5fc9c9c0-6f51-4e70-86b5-e68498226f9e
19668748525,93a65762-747d-4810-8474-59bba3f6633d
19582384314,3d2ec043-c5b7-4e5d-a0fd-d2521f2f522a
17383870298,cfff032a-909a-428d-aa27-e5cf2c656723
15201121868,d0a29504-8c7c-4a26-82ce-774b4d6aa20c
17048190896,b8e00178-6d14-4603-8735-9032fa72224a
12899755754,5cafbd0c-1648-4766-89aa-f4fae147e1c1
12849459842,6cc3475e-5fc8-4002-9676-9c66ef65d5ec
12241780712,3b8e4306-24a3-4843-8b86-e4665fbc7fbc
18639842115,6684250e-552f-4efa-9f1b-6ef0329f92c1
15239646046,df527636-96a9-47c0-a440-eba8ef33d488
13944071861,db69d9e1-383b-42d9-8be4-266d7121770b
18725176530,072aef67-ea4a-4701-b556-728d5bd24b20
14561939886,0cc78f45-7b15-4dee-9912-a439dab34b1e
14980029443,1e8c8892-cbdb-4715-ae7b-16740ad41d47
12916200935,6d86eeec-763a-4304-b502-7a96e66c3026
19661317845,647c815a-0eeb-438c-891e-73a861162ce8
16389660852,16a5eeae-efb0-44db-9e64-0640d0a6a4e1
19481458396,a8fbe5bd-bb00-46b3-a41d-f08948e7c5b3
14055810264,974f23bf-6059-450a-975d-00666e532aa6
18028572589,44d50c03-382e-4abc-9de1-01e3f6f9c26e
18371048106,540c1a9c-6362-48d8-a97d-1192b0ffe733
18612443200,330f0d31-de23-47fd-8f6a-01e5d857d5d2
18532610281,7e51c7dc-caeb-466e-894f-3ee7124f1a46
11132632642,4edb1351-e6f2-4fc8-818b-af06cbbc6fe1
12841670367,36815a5a-17be-4e73-bf88-02368d7cfe53
13235091970,84917ed6-3f53-4c08-bb93-4d26124306b5
15998022522,33ed3ad9-896f-40fc-bd34-e7d2b38fce98
12024276794,83c78b4b-6f53-4f41-9b68-11bca9a355e9
13148718676,d0001b7f-94c9-484b-ae2d-d50e39d4ff24
16533912106,ba6ee363-a706-445e-800a-333dee407ee3
13339309687,f51497b0-7bc2-4dac-a896-8856c2d6f701
11810556704,d5e9d9e7-5c77-41bd-a866-df3aba0cc60c
12542924395,cc2e3e20-adb0-4a02-bcb0-9b3dd3efa6fd
16550446021,d62c450a-2e34-4acf-b5b6-ace346941e13
15969447805,89ca1284-6668-42b3-a5c1-aed697959b16
15461417618,d9796f5a-c820-4edc-b4d9-655b341e6dbb
12112286135,23f9883d-af31-4191-be12-1e08e3b402a3
13383286395,47d1615f-4838-4e41-8510-e5417dca6715
17324731312,68e1662d-7ccd-4003-b0e4-0b31936f0f17
18985883220,d870ad90-2278-4afe-bec6-6e272723ca45
17398499770,8b214a47-b8fc-4032-aa01-b3bd4cf50170
11056458759,a4c4a80b-a9cf-4f54-b153-ed77f666ba56
18442688289,ef0b48a8-c81a-440a-beac-fc2aec15e6de
17707126344,f3fcde31-6400-471f-8804-08d8e993907c
19978752636,81cc9ad2-81c4-4fbe-9fc9-04c2a40852fb
18373415471,ea986739-133e-49ce-9190-bfc0cd306e68
17613957439,c70d20b0-4468-497d-864f-1330782da3d7
17864659433,ca52e9c1-3ab9-4aae-a2d1-0131f01a2403
11661770743,42293172-8976-4d8a-9d5b-e6cab7c937b1
11191769349,e90e4a9c-d2ec-4e22-bd0c-a4f54d743e1b
16159720797,2842295b-d5d0-4e1b-b441-8d0b436f7a19
13741581663,fa131d18-e88a-49be-80ac-5c37b6fa8248
11286708606,312bb27a-13e8-422e-a38d-2549ea171e0b
17714909985,00dd2cb9-ab67-42da-8ffc-702991b54445
16274458502,ea725824-a8ec-45a1-a15d-b937835bdba8
11051037328,cb185a92-12ed-4c5c-b18c-4537d1579dfd
18053028885,e9e93a24-3538-4a3e-9e6e-1ecf234ca0ce
11641335781,6b70bfb2-d88a-42c4-99c0-5f977c884128
19856236164,a4663061-8c37-46bb-86d7-b416a851bf34
15981198373,a1cf36bc-7dcf-4717-8b99-2a9eb6e66087
13946953884,994e7728-7209-4098-97b7-b1247ff42ffc
17523297220,07a4e388-0ffa-4190-ab85-1352262611ee
13513261381,a34ec1c5-a747-44d3-acc1-325bb64db6f5
12836558420,97a086ee-8427-46d2-b875-0ea3d0d90272
19054932457,aabaca95-ecf8-4d72-a6cd-11828c6a676f
16889874710,85844df2-0d77-4412-96c3-0c64c287771f
13467395836,5d4adaff-ed68-45fc-9857-d0f772c03460
14155518110,d1fc7865-3681-4520-9b8b-39d05c8c7c4d
19060718698,57cc5010-f952-40d2-b9eb-e9746028539c
13617919499,d4d77efe-0972-4aa5-a640-829223ff23d0
16555085158,1cb0d2dd-8b9b-47a3-bcc9-c23f3de5b3d8
16884440856,6b1e27c2-621b-4c75-af53-3034205a270e
14689895351,1215a56c-9d48-4a60-8a3b-6674c570273d
15072187688,fa263c27-828e-47db-9b7f-abe56c8fb085
18054515282,e806315a-1589-4274-99a1-64f9e31157cb
12182188790,4964a03d-304a-4fe5-9e3b-af93a0560e03
12178979788,eda1cac2-5b7f-468a-8db8-fb64f95a7aed
19773388405,11db58ea-815b-413a-b9ee-22bd1ad5a4e5
17642745415,422aa980-c179-47ec-855d-f9c4763f5eb3
11761343024,e02574d0-58d7-49c0-8a37-253dda569530
17631235496,551aa255-1e9f-4550-ba11-51554986e42d
16031381581,9e423b33-3ffa-452f-a454-e80070ee0dd6
19469103227,a4483df6-297e-4f32-8b7f-f91369ee5ee0
11677355163,2b15e972-c3a9-4152-ba7f-82f53c3bf6aa
16082127087,5d1a43e0-a462-45db-85d6-a9de841b4b34
14645359497,7d7766f2-04b2-4ed2-a543-44dbd84f41d2
16711736097,e2715021-b7c8-4a6c-a7d0-28d0bce0866b
11456695946,d3dd4ff0-10ef-44f6-aefe-31a8f1291e57
19683644388,e9269375-535b-45bb-a62a-16ea8bc32892
13638641411,ffc4bfca-8f36-4bdb-890c-105f5bc2c312
13857014590,b8d97b53-1f56-4237-833c-a53580a5bf4f
12940920703,cf695441-dd92-4da6-8048-aa90ad1cad58
15411202394,6a5dd4d6-0e73-484c-9e3c-98d4587132b1
19228977939,f5603701-34b4-4a6b-b67c-76f9152bbbdc
12333950843,38054cbd-009b-47e4-b482-24c87943b018
15829860739,0e723567-6599-462b-89f1-116e8eb2ddee
19197659030,7e583110-962b-42d6-a78e-f22147314647
15587006123,35b76da9-4b3e-4e01-a6ca-91491695c1e8
18403845485,c42a1d88-36a0-4b59-8063-3be39c297b77
17373268043,0a2b7a91-7088-41c5-94e7-7893a85263a1
15376909111,215ecdfb-0ef6-4101-8815-ad8e00722112
19136000132,b1e57fa3-ecc8-4827-a855-db8f4fb00f04
15494120316,826ee472-692a-4033-9200-7b6c5521ffdd
13772461138,bac376f5-0d26-484f-aff4-dd7e90e7d1af
16628730087,286aa908-1c02-496b-a78e-a115fa943ff8
12183981479,e002dd08-89c5-4a66-9149-19722fc7e862
19318229568,35f4ffdf-e20e-47d0-b2fd-b2bde45b7db3
16957934683,3cc8324d-1b7a-483e-8733-aae7e342b417
18334752431,1bb25c2e-f447-4dce-8208-ad38c7e6cb01
11445728838,dd8dbc1d-adbb-408a-8809-0e576951282d
14664362535,66eb21ad-e59c-4b09-badd-f8fff22ab6fe
15421833753,d78a237d-eec6-48fb-9eea-46c0de5d23c3
12515568505,22b3604b-228a-40c5-b30a-24bd8dacb480
17811762877,cdfd4987-6ea9-4d37-9366-b40b17121ab6
18462322226,253850aa-20c7-4bf6-9050-05a82e6368f2
13995008236,c9eb2010-5511-426b-85bf-176e4da4e9f1
16517774571,91b9acd1-2173-4481-88ba-77b2ed83e5c8
12057870272,5262996d-11ec-4ba6-b34f-fa9bdc1bc20a
17984133244,fb55df03-6479-48f6-b3d0-684bd3a26d47
15485796922,16c23ca3-a0c4-4bdb-add9-fdffb8ef5fe2
16305809435,b6861dc9-7857-4722-b675-209fe7e88dc9
12467531463,99b13a5a-7a21-42f1-b36f-412ba04815ca
13052025033,81a9f089-2335-466a-9047-b140990aa9a7
18169539741,2976baca-d463-4b7d-a11b-a15f72137d41
15158715092,59e0c5f0-462c-488b-95a4-e2d90418a57b
18118829286,77a0d3c9-5398-48ea-a026-b73df8f6da64
19980012029,f0de3ce5-a265-47f3-99bc-ba6372f2fe53
13679690666,cf53f4cd-6174-4442-84f8-f5793a54a5b7
17455778568,47ff89c9-602b-4bdf-8e7b-a0741dbcdcd6
14697845232,ad24bec8-8b83-43db-a480-03163558c961
16528768388,e87e5bc6-720b-4fb0-9ca5-60c8a0d24b1f
12252473341,41dc2b48-2bf6-415e-b9eb-8b7318dcb952
19348399652,b03d05fb-8ab2-43c5-87f9-567a3b530586
16787315291,0eabcfba-fd44-4486-bdc9-80228f487fe9
13275440313,dd7a5b64-e291-4fac-8065-e34e59cc4ec6
13325106996,98c7a86b-5beb-47c2-81b2-2d2c3a4d1e5f
19013656678,bcde446f-a573-4a7f-908d-a5269ed032f8
12371279215,f452bd02-7b85-4780-a073-5564ac9a2607
15664846865,561201e3-be77-4701-9b43-10d35e104878
19055391516,ca411d2e-e140-4559-b8dd-bf2dfea8111d
11448772946,fb369014-9ada-4e1c-a6bc-cc1ed75d61b0
16641288496,934cb6b4-b698-4bbc-b0b3-0beb6d617316
14100797692,5ff7fb19-ec66-41b6-83a9-785d6d00053d
17378506776,7477febf-e787-4d5d-ab4a-531605be648d
15552096236,b35ce95d-2b47-4598-a75a-053d4ed46b44
11843955494,37fbb0ec-42b7-49f7-a98b-4ef20c3ca385
19334669851,f4445edc-1afd-480c-9575-bbea1449c603
13526374274,5ff825ca-2b43-46b8-a624-5e44f358fe7b
16729044125,9c8cf88e-10dd-4306-96a7-c06dcb0c7e78
16911687644,2e5844ea-8615-4917-b395-a1000787472c
17673651865,e1292acb-bf4d-4058-a57d-379aa9913a27
17998276981,03dd04dd-61b9-4ad9-b04a-348584ef2f2b
15783758924,a8403a95-39ad-463a-87bc-d0b88e3a5bc4
19599910755,41e2d3a0-774c-4453-98f3-957a190b5bc8
17365040497,878d2b14-2075-4039-bf5a-0676d0b6f763
15836326861,6f78f811-c93c-475c-9ca1-d3bc8722ba60
18252764196,ddd9c1a2-c73f-4186-9196-2d39a42b109b
15314775342,27c93307-ec84-4b62-9da8-aed321143ba0
12855732127,d9e074aa-7d2b-4949-b14a-c721289e4298
13016786470,d55facec-a322-4e5b-9e97-e3d51b506b60
16966056232,d52e14ae-5368-4016-8892-c96b5378c3e5
18783392264,bfaeab26-045d-4cf3-86a9-9edc7f9fd3ca
16667431541,b7aa351a-4c10-43e0-b58a-daa3c6ebdcda
14876988870,b6dc506f-8fb4-41cb-9833-0256cb61d08c
17462086166,1fc46af1-6033-4cb9-8ddb-6831f37dbb81
15448841091,ef7e9cdc-295f-4033-9b1e-93b24f7a55b1
16863956365,66811051-32ff-4c99-ad86-f318667acece
18904481025,44ad6966-d052-4ea3-9426-dabe9c4673e3
15909590763,3020d663-d8ea-43b9-95c1-36f17b6b76f6
16134849142,eeddd827-5576-4b66-9a91-6522ead2a722
15819300617,0a745207-955b-43a0-b870-bddd29467396
18346874550,4a4683ad-8c66-4f06-9f33-bb6cbc806509
14889197212,0d6718d5-4e1b-4db1-836e-8208402e019c
12110721012,4dcdba9a-e1da-4ab6-97ef-54f644c23444
13646703491,903d6a05-ee34-452a-8e2a-d7cd25412129
16667280080,b2b99137-4761-4e65-b747-50f6339774fb
19914389719,ff24206c-1e84-429f-8d32-054e1a8ce2a4
19001706770,803607d2-90ce-4191-8c41-afe4ad982cc2
16035460676,b27d377c-0991-4f80-bce0-366a929b4b7f
14850946202,239ebb87-5a7a-469d-a692-a855377f3807
13250255053,e7a2e73e-a697-4ce6-9f68-de5a172f3655
12301148370,f828bbc4-a890-4be2-b677-64ddacd5474b
13910930674,31016492-9009-4698-a3c1-2dc5ecf03a7a
19435544566,aeb6e902-cf02-4c94-b111-4043b8d36068
15995498729,ef1b6c3f-1f40-45f0-b6d4-a00be609a84e
16540593398,ef21e036-4a8b-4dea-ba91-3662de4936e4
13609093835,aa9351f6-0691-43c3-9442-d7ac1b29e481
18259161859,beced8fa-2671-46c8-93cb-8b4d4a2bf336
17562431727,0aea6e63-8e5e-4139-b509-f757f0f92761
15690729841,d9582994-dbb4-4ef7-93e3-e070183d213e
18668650440,4b852e3a-5a1e-474c-aa1c-32bffe55d512
19913528546,e761258f-b2e5-44d7-81a7-afb898d55051
13408580367,337a87ee-64b5-4141-9917-c8fac96789f1
17659741521,8842071d-b1a5-4e9e-bde2-58efd3aef082
19419667559,94f3ee2a-98d7-4a75-a146-5241eba6ad5e
17926168938,6250593e-9363-4954-b76f-645be2a0feef
19558656235,3824cbe7-ab24-4b0a-a2fa-a8fd192cbc10
18993291076,d01c7d47-4637-45d4-aea5-c33ab3ad0efe
11185534942,aa91fe0b-9785-4394-b735-d546957a9287
12515351825,11778cb1-5600-4a88-b66e-1d92aec99620
19327964418,cf17e99b-2d36-4976-bed3-3e6daed3719b
11064484137,dd9cf63a-b21e-4ff9-b167-de52a1bc9c6f
16029297667,248beb1e-f3db-46a1-aade-66f299466149
13258146536,e58af5f8-bbba-47c2-82e0-01a97be50ba0
11259118445,2bfd06b8-79bc-4d54-8744-f63eef7742e6
19411159000,7369a6f3-6a08-42de-8ddd-8d15f623ae6c
13721679173,8312ed3c-fd6b-4bd1-9dc3-2a3dba351bcb
19850038282,4184ab72-df2b-4e59-bed2-a5ef9d60cd6a
13498408992,5f468651-1b49-48d1-812b-c19e8f2d0c78
11726650666,b2d0ce4e-4353-4449-a174-9bce9e3c56ea
12372379990,db83f410-f9dd-4b72-8751-55c49f49c2a6
13700803212,28f8b4db-d1ab-436a-b53c-2c47581d6a50
13208419343,d383a359-77ed-4315-b131-2a908f798d22
18065858689,173de38d-52a0-4fbb-bde7-e230d2a37e97
15793664890,ce15a152-ec4b-404b-9d06-732e78e138d9
13473164472,9862fb54-50f3-4fbb-a686-07ed0a96a63d
18384962829,4d52fa05-7eaf-4976-a96c-f06bff7f2d31
12862474984,2c952ee0-ca5f-4c72-afef-3c766c0baf87
19852689968,dbed5468-86d4-423c-b74b-d8ef24d56c20
12839960454,d86ddf91-c469-4b3d-a95e-aad1c9d63f9e
12432972661,e9464631-5e6b-493a-a27b-cdc83da69925
11173199484,51e03909-5d66-4fca-a246-493bf1b6c29b
14140846040,e1f17282-1ee3-4373-a999-d2260d39e62b
11876447611,1a4ab546-3383-4cb3-9f0b-9f64f7eb34a3
15741697277,21931b4b-d006-4927-b7a8-e7db77036cb5
15520250864,f6ec78c4-7a26-4c4f-9fc4-db3bb01b2793
19858408875,fe8495ed-43bf-493d-bf2a-ade248aa7f06
17143672331,8e60f94c-c192-4c7d-80dd-9d7c8dbb50d9
12715019416,5d448839-a100-4109-bb5e-728bae8c3b65
19111471371,2263ac3a-e159-449c-bfb0-5f62571e33c8
18030578550,50f30bc3-d303-47f9-ace8-be350a00f0f0
16800313586,8b0cedc1-afe0-4d7a-a0ee-44138567a825
11064502883,8ea440ea-6266-470b-b43e-f66e0c806e8b
16992182114,e2f1804b-bc88-459f-8dcd-a51ad4d2d486
18171255407,b35fe0f1-7693-4e69-9835-b900911e99a0
18054122855,f4f178fc-bc6b-4fdf-bf83-cba5dd42d3eb
17876010376,0c08b16f-b155-4286-be04-076eb2bda1bb
13113986778,604780e1-2cf7-46c0-b666-422e07880e1d
18313588738,42b6c085-00f7-4fc8-95e9-1a1fe2b1405a
18392021143,bdd04b9d-3a90-4b06-b8d3-365a3b866a14
17347879961,2749edd2-a2b1-4c57-924a-368819f51250
11693745022,782f8f62-eb22-40eb-9737-1ca3ea58ca81
16015700296,f7c195de-7e42-4ba4-8013-07e1ed0b6dfe
13605213744,92717151-f486-485c-a0ee-109c3fce1532
19660707442,fc9fb421-c822-4676-a3ab-25f85f964e40
14085185016,44c12892-539e-4f7b-9afa-1e5ed1289abc
19173824843,34b1c821-fa7a-43ab-9cfc-05b7fa8d697b
12932044300,7b700a84-6bdb-4b0e-a41e-65a6b4864c5d
14802323360,0a3b7a01-ffb3-4392-be62-3666dda12aec
19887887800,170741d5-a2a3-4c8e-8cd6-90a973b44835
18716892833,c9e63a3a-0259-4c8d-b408-489fc6103957
11068127795,31c38673-ea19-471e-9844-c3dbd2f48402
19059965917,74facca6-fc1a-4d6d-9c3f-854d7b5969f3
14532472856,e8b96b1a-0e2b-487a-9c6b-3b100c48f2f3
12677697999,a828a194-b2c9-4a33-adeb-9054bcab3bfb
12391819849,1739d344-afcf-45a2-9148-71182c53a937
18356793233,b0c5294f-0505-40c7-a73d-60d64c734bf3
14534930643,59f23771-dd4e-4b81-bbd9-ec235c63ce5e
16119224925,9c9398e1-e91f-4c96-b31b-fb336a847d9e
16025542963,d1df47f7-2ab4-4e5d-9b28-1b24f8996199
14833543510,eb58438c-3125-4bc2-bb91-abcb54d99da8
13008482227,23e1b298-3991-406f-ae27-f08d9b0b2c02
17133870401,cf37629e-b094-4cdf-b19e-de3fbeeb01e2
16822233549,405c1aa0-d840-459f-8973-4b98e4c0f3ae
16624987883,fcd76728-b0ac-4b5d-a9e5-775015cae0c4
16875181352,9f082e9d-7050-4fad-bacb-f50a3c2b683a
12307263739,a83c53a5-2407-421a-8cdf-90404863d29d
12336730087,4b24a83b-cff4-4aab-a1b3-be0476ff1e89
14409737679,c88fcef3-9691-4fc2-aab2-7a7cc82b12e5
13717423347,2d7a8cd3-d04c-4b0e-a001-c518825b06a6
16039344154,3af4a3ad-372e-4af8-8d84-a3d8a5abf3ca
13574049146,4d6f9447-daa9-416e-9d37-8517d0fd4908
18066135617,0e65f2ed-ad9d-4a60-941e-657e9824f5cd
13848125294,1518cfea-bdfa-4795-a3a8-83fdaf48bad7
12939968850,a0b64d12-9bec-4bfc-b522-d03cc4d63c4a
16809164708,ab60ae10-e4b1-4cf9-84be-2c6379908372
12976125384,98a06204-31f9-4910-8d31-281fac4bd9bd
12646880129,7b1cd520-79c1-4aef-b7f9-98bfbd68ae40
19003371093,7f9d4c5d-fa5e-49d7-af8e-f2bcd8957030
14617701188,c53b4aff-3c1e-4732-8c5b-b0d601f75868
15580062599,0babe64b-7ae9-4c22-a758-86b156aa90a1
15938550935,070546c5-c984-48bd-b8c2-303de2577fab
19524287415,b208fd77-b152-4407-a86e-43c9c5801c8a
17596725291,28780fcb-479c-433e-bbb9-66f34c732626
15171012642,c746d621-f1a1-45ad-a73f-8721ef919f48
16138574134,da99b50b-198f-42cb-b37e-75f135ee72f6
12827314487,2c7f374f-f5e1-42b8-845d-3d8d1206f8d0
11767225519,aaa946b7-796d-480d-9afb-7693afdc1f18
11179274474,7fa77a4e-72c7-42b2-a871-c3007b0b3f19
19275152935,4b600e12-714f-413e-bce3-d493e04d0104
18175263861,55d2883e-1d73-4b18-8227-7a8230008f4f
11177780311,f1f2c88e-b559-4e94-803f-3e7b66ad1336
12710004086,d64205b1-f5d3-4e89-97eb-ed28bc6a1bd4
13105995741,cd9db7d2-6fea-4d31-95f2-0749d7a7876a
18751048121,697c42ce-60e4-4eab-a6e8-7ea85e9906a3
17284819925,29fe9fb6-6ece-4dde-a883-c48cd9ebc853
11106024282,65c08e52-de4e-447c-9add-11d028230646
16432201944,77eb0b9f-4682-4e46-b915-9c81e0673560
15101755211,0a15499d-23e5-4889-9657-93d294713bee
17116570202,8e5ebf63-0fb6-4a5d-9ad4-e6e82e60907d
12303306114,97c0873e-d18c-49cb-a456-97869ac99777
13765555350,4353f466-867e-42ad-8544-50c43e8f066e
19965041785,da881533-a54b-46cf-a5f8-041044a7aab4
11643069433,8e6d049a-23a6-4307-851f-040514b8c7b6
19648368128,1e81e1b8-3bea-434b-a3c4-3927639c1cfa
12918151987,89a7a5cf-9606-4e7c-9ad7-136b73bac099
15405286569,b6970afd-af97-4743-97ce-d32418551346
16442896484,9abce873-5362-4ce7-a280-47ed1b83093a
17052885667,623a9270-9a4a-4242-a5cb-2e178afbaf35
19119595821,d6309f63-54ea-4daf-b134-eb63e77f54b3
18339350880,01b9940b-8a8d-4d0a-88e4-9a62c25cb383
11108607182,1b97285a-789c-44e1-8874-03541e8dafcc
13181508320,f9250a25-6a52-4e5c-a734-e8e957076c47
13690154910,7f0d6ddd-4861-4e34-a097-a72792c31381
14093831197,dc44ca62-3a6d-441c-acca-9ab235e747f4
14841155757,4da497af-1c47-4eef-8f02-8a7404f4d1c3
11047661201,6cba65b2-09dc-41c8-91ff-9b2f3e0afcc6
13190213492,740855d9-5fc2-42bc-bc73-1e2d59b8e4af
18793036725,04d2d02a-2a3c-4afd-8eca-50fc3f06d9a9
17543536910,cff6d376-abe7-4a7c-bf59-5a30a1b80795
12817350975,03d9c0f5-ad4c-4c3a-b5ce-558a8c851ee7
17256956784,cb18a3c7-9299-417f-a9a0-a8e07ee1f1cb
17362318174,7de84c4d-90c1-471c-bfe2-2714d88cc99e
13116399171,6f78b58d-4c09-42a7-bbea-9602fd3887eb
15853420765,304712ab-dd1b-42f6-b156-f169af87ff58
16580524534,e64b64fa-c6b1-44e0-9f4f-8b092f918983
11679553802,80e07453-617a-4744-8812-872f4f7b1a6c
12187572054,609ec23e-f2c4-4832-827d-9dadb0327187
17689190104,f3000feb-1e03-4ede-b2b9-792f44e9ab52
18369559721,468b1af2-7dc3-4e65-8ede-a2483442b512
18005258356,20a37669-f3b2-49d9-a244-68501c8d8bc3
15446419660,66d6f531-b0cd-40d5-848e-3fecd207039d
15356626097,fe0edb44-321f-47a4-bf23-35e2590a1302
17101623080,20e315e6-82fc-4239-9aea-a24cb479d49f
11574101669,2da42573-e33d-48a8-ba33-b68111d23057
15987064121,8da36633-b40f-4491-bdfd-2f2008f61505
15642108193,f89879d5-6ccd-4c6f-a35a-71037ad64d02
18587625329,3e5db223-5f52-4f22-9691-0acb3d66b841
15972550791,0eac0604-ad66-423e-870b-dd1694f90dca
14682670827,a833a7ff-34eb-4706-bc10-8efb639ed4de
19671192803,7d75db49-dffc-4e25-aae4-0ab3ae06862b
18251180319,d8ef49dc-aeb9-45bd-8fe6-6131fcd8e1b7
15872676241,0588b998-1467-48ca-9c94-1c16a4c52350
19660037853,60651005-321a-47bf-a4c0-8bef40a5747c
19319409883,88cea02d-b176-45d7-ad10-394898370f9a
15490751271,3b4e0ce8-5485-4ad2-a303-824bc3c62cf0
17268325007,e0054f01-d910-4830-81c5-9179ca742c94
19380723938,19c42486-8981-4d70-9ab0-8eab7bde7d85
18402051151,250d9806-589b-4e2e-9c11-821f24d045ca
16840535846,3f553beb-1047-4cf3-90d3-b811265c8b3c
14369328425,e828e9c7-a51c-4d05-b447-7b4968777730
11046466707,04bc82a1-002b-4baf-bdf5-96b4fc4265bb
15137367668,bd287ddd-a15b-4ca1-8a1b-7c3d1bac8905
18410577487,19e19fbb-e9be-4317-a943-e3407b694520
12306805798,d18f66ff-564f-4c2a-935d-ed9082e84819
12949005516,daf173ed-ab2b-40f5-b808-4c8910ba3592
12142118713,755ba067-db09-4e02-a414-013e3319f3d8
13238673647,39f37473-3bb3-46ef-bdde-fada9a0bf108
12697623228,0c46df7d-9be8-4023-a022-f0bb9103e197
13717444320,0022c7d8-f699-492a-bf1a-3a88fb777713
19668565715,62d24370-67eb-416f-9130-50f95c413952
13857357515,4d7f1062-11e1-4fac-9def-d498598b731b
16789352257,9641c740-d2a8-412a-88d7-e6254f2f8288
18812594849,91079019-b5e5-4b67-9cd6-efcdf22b73e2
16540434337,8fdefa29-fbb3-4ed8-b028-0e58f78d98d4
15886663091,8e9c81e7-7d27-4b47-833f-731ecd74a738
13367274950,14729e4d-0d7b-4629-9cbb-19629ecac2a7
17322625446,9fd6edf7-e695-4313-be04-548d10674e21
18490990770,17cf345e-dfd3-4e54-a6d8-48e9d187f0dd
17932342604,e0c2ef89-b9de-4b6a-b35b-d102bcafc628
15586504173,b3442952-52b3-4e55-ab81-c1dc72444b11
19529747967,8d32760c-4b0f-43bb-a7e3-292bd6f71765
19285039888,c3cd5723-1a5b-44ea-8621-33fbc474b462
15650723271,db5d0cb2-f991-4739-a2d1-0a4fb270d87f
11968502190,8bc3a01b-8162-41fa-bbdc-5403bdaaece5
19338577581,f20e47cd-30b6-4838-a5bc-ff7c9d1bd3e5
13739406709,b1b5bb30-e193-4d81-9a01-ff35fa9d34b8
13352270555,90ba03a3-a076-4af5-b285-59c37433bc43
18863576341,1d7f9f25-e7cc-4dc8-a4d2-0a009904d896
14976165321,a05d3915-9cab-43dd-91fe-4db9e10dacb0
12585562048,5aeebc3a-7195-4210-9f8a-1d82860af885
16136728325,d2eeab93-fa17-45c8-87d6-f3446cf09af3
16773590288,4582be49-37d2-4b93-8ecc-d9e9fe3ba91e
12405465448,d9842ac1-9cd4-4693-a0f8-9de959a599b2
12628015735,ab780996-2394-48fd-b2e5-a6d81a6605f7
15498155377,7f824440-6e24-424e-bb2e-bf04572219d2
18564503465,8a5184d7-e397-4a44-b516-308d23a447e7
12558961445,3dc18366-7311-4adb-97a3-21bc87f6afaa
11229087523,b8ffe6a3-cc94-4a52-9de6-96d7e82f2589
17407652529,7af88ca3-85eb-4b52-abad-c85093e50025
19435603921,b3b52a6c-bc5d-4688-9654-ec99caeaeb17
19749997654,9d321314-d573-4de2-828f-dc16f0c49395
19611959890,2760d016-2cb1-4c4c-933e-170647e577a5
15764962346,d95f2621-1fec-4c5f-9f86-2a320bda0869
16433382550,457ac673-9071-4744-9c92-1e378e6d7142
16559706867,99759fd8-4420-471f-852b-7e05a78a2621
12025521598,90875174-c957-4922-85af-1554538d1d33
18666435920,20e41519-5681-4d18-9283-91c228d0c291
13222385394,d4261abd-ca1a-45a3-9b60-7a87341f2781
16859306247,104ed5f3-ed62-4a9c-9464-058d0cecff81
16264310813,cdfb1742-61c9-470b-af92-ec1d391b4537
16532945287,0b12ec00-63d0-481a-bcb8-64f313125478
13608539550,880dde1f-b533-40ab-b767-4340e24df254
14727821789,9e8acd57-e35f-4913-a31f-bb75c738e6ed
13711981723,f615ce97-2091-4276-bb44-3cf831a34f0c
17262874556,462d13cd-1829-4966-a7f1-6006b018af4a
19028410496,c735c27d-3e6a-466e-9fa0-a5f35bdabe41
15989406686,ef830303-3256-4b8d-966f-362b1d6e730e
13454620122,342b8368-4acd-4664-b944-a1b137e8b6da
17469165531,c441ad0a-bcc5-45ce-ba90-3cae200efae3
11164836218,40771bd2-1e79-445d-a38e-c8b67d669f7c
11117951529,8217cedd-16c3-4089-80e5-8462e909f4ca
16194729140,4babe9dd-e182-412d-a03b-9bea80fe6015
11927032950,4c553555-7b41-4058-82bb-ab1157c51328
17632629527,e3ce99be-530d-4a8f-9d7c-edfa1c1e1b6f
19128036830,9ec7b3e8-52b4-4ff5-9cb3-460dc1dd46ee
19172789678,3ef98b38-9345-4cc2-b14e-44e9adaace1b
17630325820,52502351-9597-4ecc-a710-80963843d5fd
17762512384,9bb12b79-194e-45e6-9d97-2aebc8443627
18775337199,c8a0b357-46ce-4896-b825-7dfa05cd58c2
12530225883,ef8919f0-6726-47bb-9cde-99b1ce5a3c8f
17309718407,1acf76b4-dad0-4699-8bcb-fb4044f3e083
13396311751,def08fce-a96d-48be-828d-e6577fc6b5fc
19588383550,4180055f-86d2-4ca9-9913-b49f74edbd9a
19686378333,be557d61-69fa-4bea-becc-bd69fc2a16b6
13650948532,2e740b47-8d04-4581-ba8e-54b6a110143c
14491388326,fd6556fe-e11a-4976-adaf-9f79f3b9bc51
14631082214,76ea8526-0bb8-45e1-85ca-4c6cf6576b0a
14149662464,390e4dc7-d7f2-4a3c-9b1b-cf904c1f1ec1
16093173293,2187bbf7-652c-46a9-939c-1e75f0d44cfc
15973820771,4f41bbb3-46be-4e65-ad03-b230b282849e
17235514355,40307505-a30a-43c5-94cb-f44ab8a87ab9
12663466297,be794de2-0a4b-4e7a-9cce-bda6cee3be9b
14580257023,c513ae8e-0a61-4bd4-948e-3744e00420d7
16724229253,4e810365-d38a-48de-892f-5f6f6d77887e
17342477115,292eb80a-fcab-40ff-ada7-5679bc5d7452
15193457830,75b2d69e-81e7-4ea3-bc59-f8e7de2bad89
16433794198,06277fd2-e639-43f5-93be-992bafda0412
17673068542,6e8ec6ba-9bf7-41a9-8558-b0775c19d6e6
16209565960,9d3ce228-f59f-4698-bac4-85715f0eb121
19513608158,51acb830-3963-4389-94f0-e0d951fafda3
13029152650,60bde54a-f8b2-4062-a44b-710bb7f691ea
18459725918,eeaf2f31-aecf-4099-9777-228357d27a68
14895589070,7483a103-57c7-42ee-b589-aff4d6bee973
14394934057,f3bb46f9-fa17-4b0f-845c-29e4f2fa67fc
16096934795,2d1a2831-ad2c-48bb-9f8c-3b8f906c0593
18511568183,ff17c431-2fcb-4d6c-9534-2d7ee97b1991
18314365439,4fb4b5f1-643f-414e-9b5f-26b1bc31cedf
18161806415,c071e4d8-cf0a-4174-9d96-c70f6d14f063
18876006455,4cd3e8c6-a741-4775-ba2e-dc263ac56f67
15640121635,71ad68d1-cb60-4d5f-9e1b-712d2bc5ead7
15222305027,2684709f-a5ba-428e-b5d5-07b4c9601e78
18548468443,4e8340b0-e3c7-4cee-98e4-6f08af49cec9
18702027592,c403aa49-05ae-4cd3-9dfe-0fa8ce987a9e
13423525025,2f4f5f22-c80b-4131-b813-a61000bbbb47
16077823531,7bbbb86b-39d5-429b-ba56-7a1a425250c1
14294113998,dfa5039b-780d-4298-bb70-dc22439e6c09
19125564611,ed504acd-94f2-42f3-84c3-a9927ee91552
16027520224,0fe01c05-8f5f-4ecf-9c76-a8b3da1f5907
15922509998,b110cdc7-84ce-42fa-afd6-360fd1cd351d
12192354824,c5eab1d5-e9bb-4bd5-9d1b-0d4fbc0706f8
18961565620,765cbc25-79af-4a4b-9eab-cc793cec0c90
11571022475,10741d56-5bb1-42cd-ad90-bb552bfa1544
18238586969,d6bf52cc-6d2b-4098-9bd7-5c457f651e3d
13808938111,fb125014-aa03-4a76-9e63-ade9e3cff01a
14837409723,b8acdf78-1651-4ffb-9be4-9d8c29069716
14332398338,c24146ac-16b9-4a7c-b546-d32ead4e73a3
12112374511,609c3b25-3a59-40c0-b21d-3602ace4d7e8
19790143810,2a84907e-04db-4a36-8ee3-a6b59083c076
18350115270,0a6f9345-5aff-4b03-8974-38ec45f34e8b
11501901387,489eace3-562d-41c0-a63c-58cc42e01439
19556099176,cc673abd-618c-4bb7-8374-931873e94ac7
14265993572,14a72b48-07f5-4fc1-a959-1617f97a865c
16385670208,93545117-e012-4278-8424-a44fb167ac27
18870355409,78ee76a7-a505-4745-867e-3ae98f1b2cbf
12468365025,0e86f342-f019-4624-8908-8197545a803c
12879324690,540d7ba4-201f-480f-9e78-971e6d4d3377
13294453024,dbf9877f-5439-4872-be27-2d4a28096806
14280387515,4f318cbf-33cd-4a74-9d7f-e76866acc68e
13444730574,9d9f2268-ef78-4325-b258-7bb75023731f
12223888830,4dd3c8d3-95f2-4c21-af15-ed87b0a75615
15672679931,0137ff0b-a885-411a-8d01-00f989b88b40
14658980173,609546db-b5de-4209-b889-09fdbd1c402a
17151788471,c0f969dd-7acc-4bc9-9bf4-b91be8fdd73f
18443119942,a3594ed6-3a36-482b-bcc1-fae7135aeedd
13255372214,98b85ff1-5996-492e-986e-3b71da4b088e
18832328065,6e4e3303-971f-4219-8ab2-9c8a41e9fdfe
17032678953,3bd70eb8-26e4-45bd-a2d8-8ddfd5f10e6d
16104807051,491ac497-291b-4174-8834-97939cd9bc70
17400097510,baf4f550-b4df-4243-94a9-05d733e6cd2e
16280941514,16ab0be9-8ad6-4c49-8da1-4fd730ea9ba0
19207802018,46f56498-0cca-4e58-b05c-ec80facb9662
19534252503,3bbf6142-2ce8-4646-ad87-46a30d84e155
19875949911,de77703b-afee-4b7d-b75f-787e88c35351
19641995510,7a5f433c-0b00-4d58-98af-de98b6c9686b
17585891770,c6ad68e9-0b6a-4706-a97b-d7fce977c98b
19178100262,dbe048d1-08b4-440b-bf60-29e34ddb35db
13590261074,baf9b40b-39da-467c-8c93-8d6726c53bdb
13083811695,ff0b20ef-a4fb-4ac5-a2fc-f21b5d81c4c9
14207941455,13068865-5883-45f7-bdfc-696f6e630131
15907875157,e37c8d59-525d-4027-87e5-a0a3ae4a6e95
12898653957,a91dcd66-3e2c-4ebd-b6dc-12ab7e3cd230
16639117828,849a9f8b-d6dd-4fe0-ab83-b9e515ef1ef5
19668691988,83df854d-ea4e-4c01-8a7e-ca0001df6cf8
18818927991,4a4363d2-9279-4471-8c80-38660f5f00bb
18958161969,bf27e076-dbf1-470c-9723-555dbfb35c24
16351709572,bdbec9bd-65cf-459c-b750-6f61a73a5c54
17847990401,28862c3a-0377-4d70-b5db-0fdddf80d5c0
13579108966,802340c0-1833-40b2-9a92-cd06b9425048
11633346866,d3cec2a0-f953-4b82-8bd9-daf2763f0908
15294536675,594991e5-9b38-4443-9862-cb505e0c19d0
13585937303,902dde7e-3272-4254-ad9e-e218a7272086
13935984315,7f0af424-255d-4649-bc2c-9ef7497ce6d2
16901126288,4df26d6b-0a0b-4206-b490-b12c464b7fb9
12976615624,0bf381db-14e9-400a-b025-b84c31a4ae46
13652590168,ba0aa3c9-8749-4534-9261-0f67b149be88
17151433469,f737e98b-b2c0-4ce0-b968-8fb8efff78f3
17422460998,a4638126-1d9b-451f-8340-42f3013a72fe
18644091484,25aa69d4-89aa-4329-bf0c-2a12c9b29755
11053995413,97faa7f2-f65b-4794-a3b0-a7197a0097d0
15585359990,0fe5747f-b5ae-4648-ab52-16837298d693
18833507192,6b2392ea-b134-40f4-9006-c42d8b3b2e87
13164143028,07a09aff-36ad-4569-ab34-e16fcb188485
15217781017,0294476e-ac3c-42e2-ad9e-dc536f867caf
17288235824,a0a7e6ef-f59a-481d-86d0-fb43a3389e79
15947968444,72f6dcb4-5cc7-44a5-b650-a918226856d2
19950620509,432d19eb-8e1f-453c-abf1-cbe12c3e5821
11766548118,46999ea7-32fa-4338-ba8c-81cd1a5ea75e
17007624147,b6c231b6-418a-42ee-9e5b-def62039ee4a
12012134748,c7e5be52-131b-44d4-ad82-258b7813cc01
12524714049,8408bba6-e41a-48e0-8d08-d479db6ea34f
18642310223,760fbe06-811b-4a6e-9e18-aec68dbe4eca
12035760726,6bcca197-e24f-44bb-bf6d-b9391242c561
13975312675,b1755ff3-045d-492e-bd19-5b4282df147b
13170837570,7ad5c5bd-00ec-4168-bf20-c9c5e7015b44
15228846243,d04808ea-b009-449e-9b50-d8e960340e8f
11317196995,7c4a846b-a5c8-4ae2-81b0-d0e1e157a62c
12582607437,8a9efbce-2672-49c6-95de-77f44adf3509
13445287560,f24b366e-a2cb-4bf2-bf48-7a11b779e0dc
18665307318,060190f6-632e-4c10-96a6-2c87c2a30e3c
12523737186,dda1f335-50fd-44d7-b2a2-52c007186a3b
15951421770,1e2d86de-053b-4380-b781-dd67b1f0fd22
14197508969,ce180c5d-b093-4e07-babc-20f7b98e4f93
15017171696,5581edb3-eac4-4617-bd4a-d8e95368bb04
18231232852,15dd7d3f-f365-47f8-9cff-03843064879d
11321021312,6b07a384-293f-437a-8951-b3a3733367e7
19295749468,629efa81-967c-4b2d-a88f-140a1526fb3d
19758739661,59efea95-feb7-4b0a-823e-7e99285066b6
18276545362,0ff5b4b1-234b-4206-891a-67593e142f3c
13827875729,6e9793d2-608e-4ab6-a1ab-c249ce13d621
11918804227,f1fc53d9-919d-4479-905a-a7cec6b01d59
19964439242,38f8fc44-bc1c-45b4-83b8-a2c63f800335
17770590471,768cb518-6267-476c-be6c-55817ae0c36d
17666151796,7ec25d66-bf00-4c59-9971-74dd3233315b
15304486853,a3ea595a-65af-42f8-9a26-61443ad33e67
16956424116,98919350-f515-4708-9249-5a1f057e5124
13601853505,3f8d51ee-fc5d-459c-a914-a98d7af2ad2f
16115533384,cf496139-55a2-46c1-a337-d083a4896b13
14601403336,00268f05-b6cd-4d77-8b1f-527f5851ca65
11051778411,d9c22635-87f3-4225-9fff-e77e1e321abd
17036319551,55f534ff-370c-4382-90e6-79dfdab3cc98
19785597844,879f4892-f56b-4162-b6ac-d2964cb77ee9
16984779710,e43ed63e-c55c-4387-98d8-af6ccfe5700c
16862710787,6986b27f-0cc5-4d2d-8395-2b36b5bbfb23
11489293151,334b0b56-f154-4ce1-b94e-8da582a56a83
17506066834,83f1dcfa-77c5-48c6-81ec-59879fb26d69
19251100366,2f3b18e5-4b8a-4240-a337-139e5a5155c3
17929863792,04e749b8-a6dd-420a-9ee6-66ea55d7d8f7
14983987513,2f4b66fd-1ab2-48d8-900c-eecfb5b10fde
16121436080,6730f552-a999-4407-9bb5-6651017b558e
18923931393,03790577-8585-4041-90e4-e81c35669723
19293773205,e0d9c079-3952-4365-bfc0-f6561981242a
15161092312,28e09b93-592a-462e-8c0a-50a908685acc
13738865403,100928ad-cbc5-465d-a1ad-c3da2bce1d7a
18056243911,fcd1725c-f1b1-4002-a048-7a3a875564ef
13273136797,fe7fbe19-3ce4-4d7b-a6cb-76c8165f3564
16666252367,1c027f22-8b80-4183-b480-b766c4c43430
13122632480,f4ba5c1c-5b6b-4a9e-baf5-10528501005a
12702600665,3a161a92-5c37-431d-b8a7-17b8ea030baa
11312772170,43dd782c-0d45-4d6e-8326-70653b89f7d6
17759451782,3d60ebfd-9b2b-4c2f-b022-2b56c0f6d811
14831363957,a8ffd2fe-4f2e-41a3-ac1b-be8f0adabe62
16003014950,d81e5dcd-9afe-4faf-8f68-2f518f92d325
14366529201,ef79565c-194d-4be7-94ec-f73c0b7f00de
17107013102,ba6feab2-5ae1-4960-9b41-b6916749d8e6
13125218145,e009fa33-2e61-48c9-87b9-c6b5be9498c3
19667745306,c916f26d-8edd-4955-aecc-5a3b19e857c1
13872396367,cef84fe1-6a38-42fd-a739-b7ba8d651d6f
17221894620,08878dfc-a593-4895-9c36-8903edd0779a
17875113944,2e004ea3-0b7f-44f1-8d10-39eebdbc8fd5
12138822280,6d457c6b-d942-498e-a12a-596ccdd3d39b
17601504283,cec985bd-736f-4d6c-9f37-3c7512a140dd
16556458301,ba4161f6-4911-47cf-a995-bfdfa5c7d514
17217118267,656de0cb-c174-4876-92c4-eddbede4b2e5
15178698575,416b2a0a-4f8d-4f36-9212-3aba8a8349e7
19721117839,5d12fa3c-2d40-422a-abef-ad5236c050d0
13210768247,e7f03c7b-3c94-452d-a610-abdc7796d475
14038775904,42ae569a-63fe-49a4-ab1c-f4208f8b93ee
14120343630,bace02ca-d772-46d5-9d9b-3053c11c8603
12626457866,14b64e1c-66a8-40a2-b66b-0764a0a736be
11490593314,df0bfb95-fc6a-4f93-8e03-fbe48137452f
19891916428,b7fa0994-f09b-4684-8509-b5dd455246d9
14097439969,82eeffae-9ef6-47a9-9d4d-19e942e4c541
12990101668,c0889671-ba7e-4978-9d76-20a6de5633c1
13678802934,9720220c-7113-4874-bb7b-217ea18658b1
18673505343,bb5d505d-111f-40e8-82a2-322f8d50c481
14736974047,cba3cd24-9ed9-4660-baf4-9683956df0a7
15332716437,6dc799ae-690b-471e-94e4-43951b7143d0
12901500387,e90f9bdf-b119-4e3c-95a2-a2a714575427
16045561876,ea68fc35-c50c-4ea1-9f2c-e1049ac57fe9
11963764214,73d2e57a-13ec-495d-afd4-c350556571ec
15060660859,4850980d-fbc4-4ac8-81fc-2cc32365155c
12383195427,06f8b816-b553-4a69-8321-e432277ff544
15161665906,7c11a47e-5d84-41b5-8f00-66231ba9485a
12611282323,8a7ed9f0-e6d3-46c3-af52-23a327f7b708
11087889536,470e060d-e994-4c37-956b-b7c93d78df07
13857647868,dba3fcc6-35e1-4685-8850-568a4b9a0769
12441950350,b6eecb43-800e-4bdf-b721-681e4a7c3ddf
16934036021,03122b8b-8054-4a85-bb1d-dcf0eb705a7e
11717311213,719b8c6d-26e2-41f5-be04-875ac1e5b372
17541649484,d48c912d-f3f1-4632-8191-3f5b2963f4d0
14551317387,ea2702fe-c6d8-4d69-b5d4-038fbbcadfff
16890253594,7d814d8e-8099-4561-933b-0e66e53ffb88
16037181939,46752b32-8903-49e9-83d5-aa4c4caa24c8
18540486125,ab97abd3-fbcd-4c88-be5d-80f5a13b4412
11898804641,52f2e670-e6ee-4ac7-bb75-bc5f828869fd
14896724462,eff5a30e-a3dc-477b-8bfe-a10c337fbd48
18621202179,78610ef4-a065-46d3-ae99-cd0118e341bb
12803931467,0092d2d4-40cd-4ff1-b5e2-72cb132c3115
12109823630,8081ec63-37d9-45f4-99a1-0841bdcbcec3
13622493269,9cf5ad11-d5a1-482b-a13e-9c0a3091ab92
11926368103,8bf5bd23-c01a-48b3-9264-9fb49354fb14
16519792569,5871aca1-3b32-4346-a621-51d1ffcce927
19206706378,604fe739-ac0e-4704-b20c-8e2d1afc7e6a
14512852050,3fb815a1-e039-4ae5-bce0-d908f473e723
18464710091,32c87eb4-1669-4896-a76b-d39a8274827b
13437702771,107faf98-beb6-4fe7-9868-8e879ff95372
11021129252,7b9df54e-aa09-4658-9678-0840ac367858
11184742243,19e1652e-4c3f-4a1f-903e-b169769e5d18
19909871227,92b17c66-a621-4943-ba03-1dc41770089d
15247167961,b9d9a40e-e3a3-4580-95e6-970d0aecc5a2
14746190540,4dbebf83-87f1-48f2-b424-3a3b38bab255
16149714094,dbf7d672-f91b-43ee-b555-cf0ac2dd6f25
18476405030,d66c7e69-507c-4bc2-9f21-d2ef8245a59c
17478712585,b5fd3c69-3e66-4c9b-90ae-3d09af7ed360
14368977792,7293c571-91c9-4284-af49-dcb4eca944ea
15433466664,cb4012e8-3687-43ba-add3-97cb26c56604
19494710323,363100c5-5e2c-4a35-9cd4-244c2b58cb30
17725722898,8d717219-9614-4dfa-975d-cec90f3442cb
16450606911,1cfe0efc-24f1-4fd3-9a57-86cc66fe6f13
15370084154,f3081db7-2f07-4f09-ad47-731f5938b0d9
15023386379,318490f9-2000-4479-9942-c0a82c93a6de
15203703832,38655911-6ee3-481c-a9f6-d1b56da8a837
15234273865,2f47fba7-a643-43e9-9e32-04749d7854fd
12858780589,78a1845c-14bf-4eee-bd8c-031b79f6769e
15303056455,f012afdb-2ff0-4db8-873a-f7df418f6442
18979477313,6a16c2ed-4709-4445-90ce-8c657da4c8ce
18988631659,5811d1de-c3d0-441a-83c6-0b1755fac696
14593938601,7ee730f2-3eb1-49af-9b78-95fd7db8d1c9
18633747658,2fabadc7-be9c-4d12-8189-9f2fbde4dfda
14700781586,f77a02cd-0b6b-40f0-b3ca-e52b83e6d4fc
16802569716,41890e20-7750-4d6b-bbfa-86379fa6b643
12647970926,badcae01-0134-47eb-afac-d248b84dbfed
11358791535,185fd25f-fd89-408c-88a1-a6ab6e2c894f
15807184292,40b9edce-b4de-4027-9bc8-1a2a1f8c91e2
13306043295,23bafca6-32f1-45a0-b664-d388ae9246f3
11553832541,5d6842e0-a5c0-4920-b7bf-0506c17a4fee
15756069217,4bc8b68b-9278-4025-b0f3-dc8b6810ddbb
18992875811,23a711f3-3aa1-4932-97de-c33efdc7ebf2
17660574694,28883474-9cee-4f72-be3b-5a2da2b9ae78
11086399449,c850dc8f-e3dd-468f-a24e-6d2af261bf64
14539987622,3c995fac-de48-42d0-bb72-99d3cd748221
11358520105,116f047f-fa00-42fb-90e8-2c79c633caf7
17199724547,e1752e44-987c-4cea-aed5-20c5593a78f4
18849805192,e245ae25-6656-42ce-9eac-8072f129b2c2
17167148286,5e4c01af-dae2-4cb9-983c-8a4c2a0fc79c
12097450316,c77c1c64-8a1a-4e91-a064-51cc38c81cb8
12333049048,869dd074-1ea8-4470-9b72-059604b7feb6
16801808887,e5df9ea1-df1c-41aa-bc2e-65687298780c
14758601860,797e9804-f6d2-429e-8067-3dc9703b316b
15684925557,98da64b9-05c9-4bd9-8c81-1674f7c5761c
13492038710,b2ce175b-5dda-42a2-9444-e1a81741c4f5
17782770075,2b3e4d63-17ee-4b5a-94cf-1af82b1719e1
17541878933,311ed153-2306-4453-94c4-2c38d8695333
13172434327,25707b18-57e0-4387-8602-45edc3f25ed0
18523158061,05fd9d2c-269b-42ff-b9bc-4444fb9bd81e
12088606029,c97d05bf-4470-4fb7-8a6a-bcd44054ae57
15655639326,0a9b903b-3e3c-4684-86dd-bcd4ed1d495c
11322227436,d0af09c2-aaf8-406a-8be8-7ce8f941a035
18242887227,1c046af4-7c15-454f-9a22-1c7854448c79
17617408534,377dd2ac-a6df-42c8-b849-6ac56029d9f3
13059546787,752c550b-f523-43b4-bec8-5a485d6aefb2
12408250031,7ac2041a-887e-4187-998e-5df4d4796b35
19927556247,34eeecd8-43d1-4d91-b637-8452bc8b3c3a
14328212970,35715070-102b-44eb-9802-d4cb27f860c2
18818743720,076b32fe-83e2-4d81-9d50-5059319baea7
12671961667,9a42fdc4-54b7-4fe1-8f95-8911396f4b82
14870779321,ef15dd33-2073-4845-bc13-5a10231d5890
12305159517,b5515b9e-c0df-4ab3-ba29-e8f325051878
17353822076,1d8d1415-d907-4c4c-91fe-8e7e4aa4106f
14873249576,9a1dec0d-2e17-4bed-b95a-2c852ae346b6
16578583122,138588dd-3e9a-40fa-b541-0ff84c23db06
15350025113,61034f71-00bd-48d9-977b-5aaf7c9b3175
18806314239,0283134f-8431-4dbd-977b-5a640a574d14
12439468711,afcde514-4703-4e4b-9cb4-dc27fb70acc8
19660724101,796c4593-5cd0-4d98-ad61-1709d27a31ae
14079914582,74c99978-74d4-4db0-a1db-507f16669bf8
18863704101,41ea5aae-16ee-4e2a-acfc-b7a98edbc02f
12916342997,106bf007-eef8-401d-9ebc-9fc13ccc9fbc
15713652131,7c20ebf0-7232-49d9-9cf3-3fd25a850c20
15186070550,db9c8e8b-d761-47c3-9a0a-6d3d5d25424c
12828134340,ace64138-89bb-402c-9ca5-590acbcc5839
12812258796,b276bad5-dcf7-4af5-9f79-e057d1036444
19259254146,16c5b81a-45b6-4b3b-8df6-18e2844dc94f
12113775900,83ca1cd8-69db-4697-80d8-8858bb8521d3
12728275154,c7831673-502c-466e-b9cf-983908299669
17327231102,26ec349e-89ec-46ea-a833-803dc3213776
18498456351,fee23f5a-dd10-48d2-81a7-110332f90af0
13179362099,9f4db7ad-5981-4409-9bfe-4ee9e36e6837
15176068221,f26438de-dc49-4ae4-88e3-1fcb9720a236
13498415294,8e96b628-1891-4fbd-84b8-d91a9eefc824
15381129717,6e7cc65d-696b-40e4-8452-3e4b1863b014
19814450771,0a65fc9e-e02e-4e48-83a9-40451a4fe1fd
18503503584,9032bbf6-0eaf-44dd-8845-261c224cd204
19525149647,e1a5e594-11d5-40e7-b2de-f3472e1761e1
12589879765,942d1630-93cf-4c3b-80ae-8d9aad07a818
14019550381,fdb37043-e1ff-40f2-8b8b-d733c04c5721
12895208452,75ce17d3-abe9-4f92-b467-429bb66f86fe
19721527893,dd9626e9-037f-481c-920e-f88d04babbdb
12841395431,009c9a9f-403e-4443-a280-948cc073c429
13296760909,e3b7135b-3e80-4691-bd88-ec593a1c8647
11288567011,dd128d29-e81a-4c71-a575-8eb83a20721f
19961445178,987bc2d9-4437-4de0-b7ba-cc4b5c0fd6f0
15798848857,e8dc578d-4378-4d15-9cea-ad25e86dea73
15422072461,8d0511ca-bd67-4608-9f39-0642bdff4f3d
12121557094,9cfe63e9-1140-4818-9c3f-86132101889b
18038121157,3e55492b-9126-4b3a-8ac5-1f6f0fcf958a
13138344179,174e0158-7734-45ca-b1bb-4e526616b980
18771054511,ee1e8148-5ba0-488c-b11e-1b19966c4d76
12878140380,74975620-4c2e-4f92-ba6b-16cd128b4c01
18465862797,73ccb3c3-1b79-4a46-9653-315b7f6953ef
16715734493,2b7388ee-c4cd-432a-afe9-fe24233bb4d6
16980119126,f90f9d14-fd64-435d-aa9c-3b0dd072128b
13086518959,5f33c9aa-b04f-41ba-af13-bd64add29a5f
15780144934,568b953b-b54f-4763-b074-94ac9fac304e
14690705308,4ce5e9c5-1c7c-4dd6-b795-4cfcf4195b4c
11232584229,17f57a48-1d80-45a5-953f-f3b1d9412fdf
19536188090,3c033b86-4b86-41b1-813a-ac4e6231d216
11884308020,30d70063-52ad-4ce3-bfb5-b6bcf9bfa187
11245074666,135c6c0f-df86-43a3-ab8d-21b48a45eea7
12726334674,4bc8518b-714d-4d17-8d66-7db840bcdce8
19559909899,82c8d54a-7fe0-4a62-bb74-d5194d350d21
19837696006,df514cee-bcec-4d63-b9cc-20f79fa94d29
16426328594,b45dea75-d6fe-44f9-b26b-e925882f6022
11757454429,3106e9ce-4a14-4322-894f-97352e34460c
18347004016,195c04cb-9fed-489a-b664-ebc9ffaf28b5
12564655093,17c7bec7-9e56-4efd-83f8-0574c47804e4
11413555767,cccf4172-e692-4c6a-a5c1-9c2a63fad421
12100616412,5e76cb35-2cb3-4029-b471-bb5d2df0907b
13443651290,bd316427-7214-42a5-8d9c-a2ccf7d29755
18772313384,36e65623-08bf-41ac-9609-04209c12e3fc
14874244852,92321517-fc41-4a55-aeb3-cff4b3cf731d
12751371857,2cf31e76-bdf3-47b5-8549-cd5f0168b8d6
14677583966,c30acc42-fd3c-4413-8ff0-01dc0e5bea50
16529626864,e58fcbf3-d6aa-495d-8287-c89a67375d09
19305972645,21b982a4-27a3-4b49-9d0b-752ce27bcda3
15874689779,f0628f16-124b-4658-be4d-cdb8dddea367
17702460512,c9ab267c-2858-4ae2-ba9f-682b2647970d
19219862901,cd736ba6-31c9-44b0-9c73-a56ab51a3aad
11699014809,5fbf9222-9e1b-4cf8-b79f-7e9d17e91cc2
11531855507,8fc1ed8b-c2ff-42ba-958d-3f8030ef396d
17248863867,744d9423-11f8-4d91-bffa-ecaf640ff873
14950460323,d0a3188b-bdcd-4f8f-8469-f7501e46c0da
13983699271,ada2788f-aa41-4d42-8054-948e84451622
14052982027,c7d94d50-7d0f-4369-b9b9-ddc6afb31d33
18761608966,4fe9ba0a-e225-4607-a3eb-b31fc9434069
15627032946,24a2e5a5-8cbd-46ad-a2d6-6c0d14baf333
19075545474,6d503916-f967-42f8-863c-0b80f65b8ed8
14453817262,13ea1bcc-b7e3-4480-bc5e-a5efad65ddaa
12070766722,a5965992-4338-40b5-a788-7ca86ab38032
18820368484,eb9f0bf2-abbd-4566-a615-9f794d5215c9
12328810482,e3a2d74b-463c-4e20-aa71-44dc969432f1
16004201238,fd39b311-8c2c-49e2-a593-f07fad9ed1b9
11970534141,e1202a76-7646-4abd-92cd-26ddd5565b75
11260853659,ca3c6208-6e24-4912-8c18-a1c99c9b40aa
16519197874,93a016b7-83f8-4ec6-b29d-428fee6fdb52
13067122383,0a9976cc-9fd5-489a-a5f8-b0980a3f241c
14166540732,b67e70a5-11b3-48ba-9b08-1b34c9d8c6d8
15419614675,206c7c80-5831-48d1-8823-cd2fc8869b62
11050827351,1ef998f7-c778-47f3-bc25-4105508b2465
12023694667,7d3852be-ec60-47bc-a92d-afe83bcfc80b
17597493376,d7743c5b-31c3-4716-9db8-23769925ca99
19098237768,ead6c041-cb48-47d7-a81e-e0dc38fe6153
19832526885,6d2f2707-a788-4e62-9841-99722b82b37e
12751059684,e9abd476-bcb6-43f8-ad01-0a40a276d663
11524241582,ce239482-ea2e-4e1f-8647-67dfe8c11c4d
19558020867,f8b43a6e-090e-4dcc-9a9a-e233078fefee
18671308877,e5e942dd-f3ed-41c6-8de6-4182295e9b5a
14895000696,d7e96e9f-4c25-419d-9b55-184a744d8005
15446182422,21c4094e-aba0-4bf2-a644-fb71a7431e2a
13689594938,dab385f3-afff-456f-82ff-aa15c76f1579
17116054776,694953fe-cffe-4ee3-a9cf-fd5bf9d74ef5
17931469374,ab43c3f8-403d-4d59-afd8-6766aaab57d2
